Case #1: No
Case #2: No
Case #3: No
Case #4: No
Case #5: No
Case #6: Yes
1 2 3
Case #7: Yes
4 1 2 3 5 9 8 10
Case #8: No
Case #9: No
Case #10: No
Case #11: No
Case #12: No
Case #13: No
Case #14: No
Case #15: Yes
2 4 3 6 5
Case #16: No
Case #17: No
Case #18: No
Case #19: No
Case #20: Yes
255 254
Case #21: No
Case #22: No
Case #23: No
Case #24: No
Case #25: No
Case #26: No
Case #27: No
Case #28: Yes
9 316 104 37 164 315 343 134 310 8 193 140 257 64 495 171 26 484 357 256 440 480 119 225 370 125 416 390 110 113 336 325 76 170 319 158 385 412 258 478 57 90 348 63 456 469 233 126 369 500 75 53 323 120 267 442 144 331 362 220 308 200 403 437 328 396 305 320 243 287 449 276 290 41 254 29 351 318 249 212 109 327 174 21 493 468 365 205 270 131 191 19 445 260 496 5 393 226 122 207 284 466 425 195 58 407 306 101 354 51 311 398 221 470 28 223 476 353 454 455 463 34 118 298 133 10 347 208 244 42 194 417 265 487 189 314 152 98 472 333 102 382 424 297 55 292 23 477 423 273 422 72 180 20 36 268 146 94 181 420 67 177 397 446 230 399 247 366 209 386 373 213 204 31 444 324 132 117 436 217 229 418 342 219 296 303 251 87 378 123 99 56 24 52 300 108 430 161 428 486 286 242 372 313 105 13 44 494 421 39 201 335 299 380 192 234 150 127 439 62 81 96 474 160 406 344 413 33 371 188 74 78 206 283 246 210 321 48 237 352 43 471 240 450 7 411 394 84 322 215 88 384 252 274 45 282 339 143 309 401 408 103 479 135 294 497 295 176 211 115 409 68 165 452 85 438 65 278 183 30 151 329 71 250 69 15 261 97 426 59 238 361 340 368 235 17 116 185 498 107
Case #29: No
Case #30: No
Case #31: No
Case #32: No
Case #33: No
Case #34: Yes
1 2 3 4 5 6 7 8 9 10 11 12 13 14 15 16 17 18 19 20 21 22 23 24 25 26 27 28 29 30 31 32 33 34 35 36 37 38 39 40 41 42 43 44 45 46 47 48 49 50 51 52 53 54 55 56 57 58 59 60 61 62 63 64 65 66 67 68 69 70 71 72 73 74 75 76 77 78 79 80 81 82 83 84 85 86 87 88 89 90 91 92 93 94 95 96 97 98 99 100 101 102 103 104 105 106 107 108 109 110 111 112 113 114 115 116 117 118 119 120 121 122 123 124 125 126 127 128 129 130 131 132 133 134 135 136 137 138 139 140 141 142 143 144 145 146 147 148 149 150 151 152 153 154 155 156 157 158 159 160 161 162 163 164 165 166 167 168 169 170 171 172 173 174 175 176 177 178 179 180 181 182 183 184 185 186 187 188 189 190 191 192 193 194 195 196 197 198 199 200 201 202 203 204 205 206 207 208 209 210 211 212 213 214 215 216 217 218 219 220 221 222 223 224 225 226 227 228 229 230 231 232 233 234 235 236 237 238 239 240 241 242 243 244 245 246 247 248 249 250 251 252 253 254 255 256 257 258 259 260 261 262 263 264 265 266 267 268 269 270 271 272 273 274 275 276 277 278 279 280 281 282 283 284 285 286 287 288 289 290 291 292 293 294 295 296 297 298 299 300
Case #35: No
Case #36: Yes
283 60 282 59
Case #37: No
Case #38: No
Case #39: No
Case #40: No
Case #41: Yes
490 397 73 20
Case #42: Yes
420 239 192 293 196 20 121 493 131 325 320 1 367 431 104 398 494 413 66 371 411 2 3 237 98 63 4 281 492 76 236 81 321 354 275 68 179 442 202 421 108 130 75 21 397 292 277 195 355 120
Case #43: Yes
496 77 169 370 41 280 459 372 168 497 419 371 465 64 1 176 262 63 458 396 3 100 230 42 207 2 175 4 395 40 106
Case #44: No
Case #45: No
Case #46: Yes
1 153 112 3 354 479 426 5 399 8 422 10 12 14 266 146 80 13 242 369 16 188 18 17 70 427 243 203 197 413 2 131 480 430 355 250 144 404 356 108 20 372 271 423 9 113 130 267 400 252 11 15 217 148 190 216 6 65 331 337 7 134 368 175 176 4 414 403 88 332 109 19 69 21 249 187 336 57 272 145 338
Case #47: No
Case #48: No
Case #49: No
Case #50: No
Case #51: No
Case #52: No
Case #53: No
Case #54: No
Case #55: No
Case #56: No
Case #57: Yes
81 273 221 45 383 158 384 258 220 299 298 159 356 275 274 246 157 202 357 216 262 358 245 46 247 365 201 363 377 80 215 382 143
Case #58: No
Case #59: Yes
1 2 10 9 20 21
Case #60: No
Case #61: No
Case #62: No
Case #63: No
Case #64: Yes
1 3 5 7 9 11 13 301 15 17 19 21 23 25 27 29 31 33 35 37 39 41 43 12 10 45 47 49 51 53 55 30 57 59 52 61 63 65 60 67 69 71 73 75 77 79 81 83 85 87 89 91 93 95 97 99 101 103 105 44 107 109 84 14 111 113 6 104 16 115 117 119 302 121 46 123 125 127 129 8 131 133 135 137 118 74 128 139 34 141 90 143 145 147 149 151 138 153 155 98 88 157 159 161 163 165 167 62 169 171 173 130 175 177 179 181 183 166 92 185 187 189 134 170 191 193 195 144 162 197 199 148 172 36 114 124 201 146 203 168 205 207 120 209 211 210 213 215 217 4 156 48 164 202 219 122 136 221 208 223 225 500 72 20 227 229 231 233 24 235 237 239 216 82 241 230 243 206 245 247 249 196 251 234 253 2 255 150 174 126 38 116 246 232 200 78 257 64 259 261 40 248 178 263 262 66 265 258 186 28 267 254 269 76 242 198 271 86 142 273 252 160 220 50 32 68 140 110 266 236 250 275 274 182 276 158 190 277 279 281 212 283 94 154 224 228 285 58 112 260 226 54 218 268 102 222 26 192 100 244 214 287 96 152 264 289 22 176 180 291 184 280 293 80 70 188 106 270 286 238 288 18 56 294 108 272 282 284 204 290 240 42 292 132 295 296 278 194 256
Case #65: No
Case #66: No
Case #67: Yes
1 2 3 4 5 6 7 8 9 10 11 12 13 14 15 16 17 18 19 20 21 22 23 24 25 26 27 28 29 30 31 32 33 34 35 36 37 38 39 40 41 42 43 44 45 46 47 48 49 50 51 52 53 54 55 56 57 58 59 60 61 62 63 64 65 66 67 68 69 70 71 72 73 74 75 76 77 78 79 80 81 82 83 84 85 86 87 88 89 90 91 92 93 94 95 96 97 98 99 100 101 102 103 104 105 106 107 108 109 110 111 112 113 114 115 116 117 118 119 120 121 122 123 124 125 126 127 128 129 130 131 132 133 134 135 136 137 138 139 140 141 142 143 144 145 146 147 148 149 150 151 152 153 154 155 156 157 158 159 160 161 162 163 164 165 166 167 168 169 170 171 172 173 174 175 176 177 178 179 180 181 182 183 184 185 186 187 188 189 190 191 192 193 194 195 196 197 198 199 200 201 202 203 204 205 206 207 208 209 210 211 212 213 214 215 216 217 218 219 220 221 222 223 224 225 226 227 228 229 230 231 232 233 234 235 236 237 238 239 240 241 242 243 244 245 246 247 248 249 250 251 252 253 254 255 256 257 258 259 260 261 262 263 264 265 266 267 268 269 270 271 272 273 274 275 276 277 278 279 280 281 282 283 284 285 286 287 288 289 290 291 292 293 294 295 296 297 298 299
Case #68: No
Case #69: No
Case #70: No
Case #71: No
Case #72: No
Case #73: No
Case #74: No
Case #75: No
Case #76: No
Case #77: Yes
498 499 500 501 502
Case #78: No
Case #79: No
Case #80: No
Case #81: No
Case #82: No
Case #83: No
Case #84: No
Case #85: No
Case #86: No
Case #87: No
Case #88: Yes
91 386 93 388 202 1 208 139 111 38 2 387 110 92 140 24 36 35 214 23
Case #89: No
Case #90: No
Case #91: Yes
1 2 7 6 8
Case #92: Yes
51 1 188 129 53 31 187 67 89 15 214 90 17 181 8 92 178 62 39 184 88 204 22 140 126 199 52 118 25 49 127 218 30 108 57 14 7 206 20 84 170 50 160 68 207 102 106 185 33 130 161 34 179 21 93 71 200 74 2 203 38 54 142 123 211 213 169 83
Case #93: No
Case #94: No
Case #95: No
Case #96: No
Case #97: No
Case #98: No
Case #99: No
Case #100: No
Case #101: No
Case #102: No
Case #103: No
Case #104: No
Case #105: No
