Case #1: No
Case #2: Yes
1 2 500 3 4
Case #3: No
Case #4: No
Case #5: No
Case #6: Yes
1 2 3
Case #7: No
Case #8: No
Case #9: No
Case #10: Yes
1 2 3 4 5 6 7 8 9 10 11 12 13 14 15 16 17 18 19 20 21 22 23 24 25 26 27 28 29 30 31 32 33 34 35 36 37 38 39 40 41 42 43 44 45 46 47 48 49 50 51 52 53 54 55 56 57 58 59 60 61 62 63 64 65 66 67 68 69 70 71 72 73 74 75 76 77 78 79 80 81 82 83 84 85 86 87 88 89 90 91 92 93 94 95 96 97 98 99 100 101 102 103 104 105 106 107 108 109 110 111 112 113 114 115 116 117 118 119 120 121 122 123 124 125 126 127 128 129 130 131 132 133 134 135 136 137 138 139 140 141 142 143 144 145 146 147 148 149 150 151 152 153 154 155 156 157 158 159 160 161 162 163 164 165 166 167 168 169 170 171 172 173 174 175 176 177 178 179 180 181 182 183 184 185 186 187 188 189 190 191 192 193 194 195 196 197 198 199 200 201 202 203 204 205 206 207 208 209 210 211 212 213 214 215 216 217 218 219 220 221 222 223 224 225 226 227 228 229 230 231 232 233 234 235 236 237 238 239 240 241 242 243 244 245 246 247 248 249 250 251 252 253 254 255 256 257 258 259 260 261 262 263 264 265 266 267 268 269 270 271 272 273 274 275 276 277 278 279 280 281 282 283 284 285 286 287 288 289 290 291 292 293 294 295 296 297 298 299 300
Case #11: No
Case #12: No
Case #13: No
Case #14: No
Case #15: No
Case #16: No
Case #17: Yes
1 2 10 3 20 21
Case #18: No
Case #19: No
Case #20: Yes
255 1
Case #21: No
Case #22: No
Case #23: No
Case #24: No
Case #25: No
Case #26: No
Case #27: No
Case #28: Yes
9 316 104 37 164 315 343 134 310 8 193 140 257 64 495 171 26 484 357 256 440 480 119 225 370 125 416 390 110 113 336 325 76 170 319 158 385 412 258 478 57 90 348 63 456 469 233 126 369 500 75 53 323 120 267 442 144 331 362 220 308 200 403 437 328 396 305 320 243 287 449 276 290 41 254 29 351 318 249 212 109 327 174 21 493 468 365 205 270 131 191 19 445 260 496 5 393 226 122 207 284 466 425 195 58 407 306 101 354 51 311 398 221 470 28 223 476 353 454 455 463 34 118 298 133 10 347 208 244 42 194 417 265 487 189 314 152 98 472 333 102 382 424 297 55 292 23 477 423 273 422 72 180 20 36 268 146 94 181 420 67 177 397 446 230 399 247 366 209 386 373 213 204 31 444 324 132 117 436 217 229 418 342 219 296 303 251 87 378 123 99 56 24 52 300 108 430 161 428 486 286 242 372 313 105 13 44 494 421 39 201 335 299 380 192 234 150 127 439 62 81 96 474 160 406 344 413 33 371 188 74 78 206 283 246 210 321 48 237 352 43 471 240 450 7 411 394 84 322 215 88 384 252 274 45 282 339 143 309 401 408 103 479 135 294 497 295 176 211 115 409 68 165 452 85 438 65 278 183 30 151 329 71 250 69 15 261 97 426 59 238 361 340 368 235 17 116 185 498 107
Case #29: No
Case #30: No
Case #31: No
Case #32: No
Case #33: No
Case #34: Yes
1 2 3 4 5 6 7 8 9 10 11 12 13 14 15 16 17 18 19 20 21 22 23 24 25 26 27 28 29 30 31 32 33 34 35 36 37 38 39 40 41 42 43 44 45 46 47 48 49 50 51 52 53 54 55 56 57 58 59 60 61 62 63 64 65 66 67 68 69 70 71 72 73 74 75 76 77 78 79 80 81 82 83 84 85 86 87 88 89 90 91 92 93 94 95 96 97 98 99 100 101 102 103 104 105 106 107 108 109 110 111 112 113 114 115 116 117 118 119 120 121 122 123 124 125 126 127 128 129 130 131 132 133 134 135 136 137 138 139 140 141 142 143 144 145 146 147 148 149 150 151 152 153 154 155 156 157 158 159 160 161 162 163 164 165 166 167 168 169 170 171 172 173 174 175 176 177 178 179 180 181 182 183 184 185 186 187 188 189 190 191 192 193 194 195 196 197 198 199 200 201 202 203 204 205 206 207 208 209 210 211 212 213 214 215 216 217 218 219 220 221 222 223 224 225 226 227 228 229 230 231 232 233 234 235 236 237 238 239 240 241 242 243 244 245 246 247 248 249 250 251 252 253 254 255 256 257 258 259 260 261 262 263 264 265 266 267 268 269 270 271 272 273 274 275 276 277 278 279 280 281 282 283 284 285 286 287 288 289 290 291 292 293 294 295 296 297 298 299 300
Case #35: No
Case #36: Yes
283 60 2 1
Case #37: No
Case #38: No
Case #39: No
Case #40: No
Case #41: Yes
490 397 73 20
Case #42: No
Case #43: No
Case #44: No
Case #45: No
Case #46: No
Case #47: No
Case #48: No
Case #49: No
Case #50: Yes
229 92 282 85 198 196 184 176 177 86 14 162 16 48 73 38 90 197 190 137 124 164 263 88 63 166 250 46 59 10 131 194 168 255 268 102 49 237 178 261 91 180 172 294 272 233 150 77 35 248 284 165 127 83 206 223 65 93 202 290 273 170 47 53 12 69 40 74 256 259 141 8 270 157 264 19 154 227 105 186 31 129 3 116 262 27 112 28 147 276 135 33 23 94 128 266 143 17 292 269 51 110 280 29 221 145 118 285 87 41 30 225 125 267 204 274 4 111 241 299 81 265 120 71 36 275 108 185 187 252 182 42 57 167 224 79 218 288 151 281 24 144 50 67 66 21 208 192 100 6 212 295 257 226 239 133 199 22 61 146 243 9 258 219 25 75 286 246 193 235 68 148 297 32 283 1 253 7 244 76 245 122 18 70 289 84 214 142 174 95 55 13 98 72 163 126 240 155 82 117 254 175 278 106 222 52 64 56 231 101 39 234 293 279 5 138 152 160 207 210 11 20 139 134 89 271 205 109 203 287 153 96 298 188 228 43 37 121 161 132 113 260 211 216 195 173 114 44 60 62 54 200 103 181 107 104 130 247 191 209 158 149 171 156 277 115 242 230 34 123 215 213 220 136 249 291 58 97 119 296 80 183 217 189 251 78 26 236 2 300 179 201 140 232 15 238 159 99 169 45
Case #51: No
Case #52: No
Case #53: No
Case #54: No
Case #55: No
Case #56: No
Case #57: No
Case #58: No
Case #59: Yes
1 2 10 3 20 21
Case #60: Yes
2 3 1 6 4 5
Case #61: No
Case #62: No
Case #63: No
Case #64: Yes
177 129 231 203 257 87 105 301 169 265 229 215 37 71 111 241 23 263 209 95 155 33 17 88 258 247 127 21 123 85 51 242 151 121 124 277 57 119 122 233 163 69 243 171 217 47 53 145 35 189 211 161 227 61 237 137 287 295 143 18 271 135 146 106 185 249 232 296 170 175 239 73 302 43 248 157 213 183 31 204 193 89 45 195 240 244 184 283 264 223 212 181 267 255 167 15 196 39 131 238 190 77 205 13 91 251 125 278 93 221 115 32 261 9 79 19 55 252 162 1 253 141 90 94 235 67 159 182 14 201 245 256 222 210 250 158 225 268 75 126 117 219 74 81 149 82 259 199 269 130 132 128 92 226 113 44 46 281 220 109 25 500 70 230 275 11 3 187 38 49 179 273 200 54 173 12 289 118 5 133 103 160 101 188 59 178 83 168 116 214 96 176 6 4 246 218 29 58 293 99 156 134 10 191 100 120 139 30 2 112 197 60 7 172 174 202 279 36 224 285 102 206 114 22 24 234 284 136 140 50 104 41 286 20 42 78 142 207 107 27 150 63 228 40 110 276 153 152 186 294 26 86 270 198 288 282 72 236 138 290 260 291 62 16 192 65 216 262 80 147 56 108 97 48 164 254 144 8 154 180 292 266 52 98 272 280 28 64 76 66 274 34 148 194 165 166 208 68 84
Case #65: No
Case #66: No
Case #67: Yes
1 2 3 4 5 6 7 8 9 10 11 12 13 14 15 16 17 18 19 20 21 22 23 24 25 26 27 28 29 30 31 32 33 34 35 36 37 38 39 40 41 42 43 44 45 46 47 48 49 50 51 52 53 54 55 56 57 58 59 60 61 62 63 64 65 66 67 68 69 70 71 72 73 74 75 76 77 78 79 80 81 82 83 84 85 86 87 88 89 90 91 92 93 94 95 96 97 98 99 100 101 102 103 104 105 106 107 108 109 110 111 112 113 114 115 116 117 118 119 120 121 122 123 124 125 126 127 128 129 130 131 132 133 134 135 136 137 138 139 140 141 142 143 144 145 146 147 148 149 150 151 152 153 154 155 156 157 158 159 160 161 162 163 164 165 166 167 168 169 170 171 172 173 174 175 176 177 178 179 180 181 182 183 184 185 186 187 188 189 190 191 192 193 194 195 196 197 198 199 200 201 202 203 204 205 206 207 208 209 210 211 212 213 214 215 216 217 218 219 220 221 222 223 224 225 226 227 228 229 230 231 232 233 234 235 236 237 238 239 240 241 242 243 244 245 246 247 248 249 250 251 252 253 254 255 256 257 258 259 260 261 262 263 264 265 266 267 268 269 270 271 272 273 274 275 276 277 278 279 280 281 282 283 284 285 286 287 288 289 290 291 292 293 294 295 296 297 298 299
Case #68: No
Case #69: No
Case #70: No
Case #71: No
Case #72: No
Case #73: Yes
97 40 10 79 46 241 268 70 223 157 37 61 109 106 31 49 67 220 133 103 250 160 190 127 47 58 100 139 1 262 134 52 247 32 202 25 7 115 116 107 2 82 295 289 232 48 217 4 286 145 101 91 148 8 130 13 259 121 163 298 235 271 154 169 191 112 131 233 88 62 117 22 196 158 14 242 34 102 159 256 64 43 124 277 94 89 33 83 85 197 146 199 221 265 218 248 251 16 136 280 187 211 41 44 140 274 253 68 71 292 161 269 142 95 244 38 72 270 143 84 19 17 45 132 63 118 141 257 172 184 214 198 166 5 178 185 96 170 80 104 188 110 287 290 193 76 208 55 203 128 179 149 122 50 229 6 53 15 252 275 236 278 42 279 28 291 86 105 175 18 173 189 26 162 224 29 51 260 113 296 151 245 266 30 205 119 225 9 167 77 155 152 230 234 219 200 23 108 212 78 20 54 120 272 201 213 65 238 164 194 299 87 243 246 297 261 276 195 237 21 209 215 293 204 254 181 281 294 73 56 137 92 27 90 258 226 57 69 273 156 176 114 39 174 138 74 125 216 35 165 227 300 186 249 111 283 239 81 206 255 147 123 150 180 284 210 182 153 183 66 129 11 171 263 3 59 267 228 240 126 168 98 231 135 144 177 285 282 36 222 288 12 24 207 60 75 93 99 192 264
Case #74: No
Case #75: No
Case #76: No
Case #77: Yes
498 499 500 1 2
Case #78: No
Case #79: No
Case #80: No
Case #81: No
Case #82: No
Case #83: No
Case #84: No
Case #85: No
Case #86: No
Case #87: No
Case #88: No
Case #89: No
Case #90: No
Case #91: No
Case #92: No
Case #93: No
Case #94: Yes
1 2 3 4 5
Case #95: No
Case #96: No
Case #97: Yes
4 1 2 3 5
Case #98: No
Case #99: No
Case #100: No
Case #101: No
Case #102: No
Case #103: No
Case #104: No
Case #105: No
