Case #1: Yes
493 107 7 422 208 372 95 172 258 46 49 133 321 301 298 342 67 499 410 360 481 254 416 71 141 80 282 419 109 4999 173 411 271 11 55 399 429 490 362 369 465 211 317 385 331 392 432 376 226 351 364 341 130 96 56 347 264 322 4998 461 126 50 4997 25 349 265 160 390 121 262 68 370 462 471 442 94 5003 318 357 391 252 253 175 275 381 466 380 417 288 102 58 290 63 293 232 99 35 355 76 4996 21 14 428 401 112 237 312 145 220 234 329 261 4995 472 233 454 15 100 241 383 438 171 8 421 5001 119 4994 129 18 138 144 330 306 54 485 302 463 111 151 128 34 281 72 286 146 5002 223 374 215 60 255 161 289 53 274 482 375 299 207 176 450 353 294 5007 356 354 323 315 270 400 197 217 350 117 358 221 453 413 451 303 5006 249 166 164 251 19 85 257 313 5004 379 311 24 343 5005 277 22 272 174 10 333 335 134 150 487 52 154 227 90 231 449 278 243 157 455 479 170 337 92 486 4 236 131 447 287 88 62 113 13 452 263 346 378 219 84 273 436 464 300 393 319 235 267 114 38 59 395 467 124 4992 82 1 196 185 435 386 4993 437 123 108 460 242 439 37 184 93 5 139 222 118 29 368 371 91 297 352 285 325 244 147 495 260 140 276 101 440 245 398 448 28 229 334 44 81 116 328 45 382 214 365
Case #2: Yes
1 2 500 4999 5001
Case #3: Yes
192 352 380 347 121 321 4999 131 4998 97 4997 299 323 51 362 196 4996 4995 58 338 11 94 154 175 361 172 330 50 100 49 261 224 256 243 266 185 269 73 103 168 123 309 4994 181 137 301 307 178 98 32 195 377 167 17 283 356 18 348 267 289 369 130 4993 4992 22 4991 26 21 159 5009 149 191 78 308 340 249 217 4990 302 27 56 297 255 151 25 112 5005 331 105 296 57 143 314 106 265 277 4989 310 124 339 210 116 250 120 234 367 63 368 132 189 381 161 351 4988 5008 208 201 260 335 396 93 72 16 5001 390 235 5011 275 226 5007 34 153 135 324 174 179 334 355 284 5003 209 244 236 280 313 375 5002 371 230 99 290 104 54 156 363 365 378 5004 43 298 391 231 358 19 70 360 55 225 304 306 354 194 20 95 45 320 155 216 125 1 281 207 10 86 350 200 5006 394 5010 118 349 145 5012 376 15 184 127 303 282 136 370 134 177 77 212 268 213 171 186 24 190 115 4
Case #4: Yes
244 394 44 344 126 68 204 396 4999 245 4998 395 205 69 167 5001 83 36 355 246 365 5002 18 343
Case #5: Yes
108 100 152 83 4999 351 20 11 338 225 329 191 270 165 157 306 250 245 151 214 63 193 334 66 4998 271 256 350 4997 206 300 257 4996 342 195 9 134 231 142 4 288 99 264 335 164 4995 266 345 85 325 73 207 3 348 78 324 89 107 75 301 328 210 5001 4994 4993 4992 307 162 293 145 76 4991 4990 72 259 218 39 4989 4988 227 33 102 4987 258 230 319 156 125 184 2 298 189 121 51 190 68 213 50 56 5010 5009 316 179 239 64 284 24 320 242 40 4986 126 237 205 90 305 18 17 147 130 204 71 141 122 5 178 327 289 31 123 226 176 61 217 321 124 35 120 188 317 222 197 240 144 5014 1 154 163 177 94 228 290 79 146 22 347 114 57 97 129 187 353 153 352 314 84 25 5012 106 180 200 254 318 113 208 21 216 326 223 269 6 95 5008 215 265 339 86 296 249 224 103 5002 140 312 29 238 283 116 143 248 182 244 5011 299 260 105 65 349 211 49 333 169 127 13 243 115 32 346 331 104 175 343 261 38 34 234 118 16 5006 55 198 96 160 5007 5005 131 54 28 251 4985 294 119 309 241 23 70 199 170 59 201 58 4984 69 5016 60 110 41 311 30 161 341 12 5003 5004 262 8 149 246 255 36 344 5013 235 209 297 77 133 10 268 183 80 81 192 47 308 150 139 37 19 5015 267 148 112 287 202 315 111
Case #6: Yes
4999 5001 4998
Case #7: Yes
4 1 6 3 5 9 8 10
Case #8: Yes
209 341 14 162 154 419 133 123 157 78 28 255 217 367 381 268 216 200 26 313 388 316 95 202 423 22 405 428 310 58 76 289 286 50 459 175 374 323 321 4999 47 449 425 237 156 139 347 291 276 174 404 90 171 187 79 188 331 77 41 232 127 122 351 5 38 412 386 273 222 51 372 329 436 129 368 182 413 21 206 272 214 35 172 197 362 179 119 82 444 292 448 349 208 166 360 295 312 387 183 257 340 87 260 73 234 269 384 457 8 104 199 43 20 98 305 284 332 432 344 371 346 244 410 198 253 350 12 263 365 246 439 254 356 426 330 108 418 406 132 185 4998 4997 210 328 397 249 195 251 106 380 296 66 383 37 5001 55 221 417 85 158 49 231 120 159 10 304 111 89 163 19 124 126 170 161 382 68 24 142 235 3 143 48 9 258 450 430 186 401 228 324 99 112 150 42 376 335 353 23 370 109 320 88 285 69 140 402 373 94 420 144 5003 4996 5004 7 355 83 325 364 443 282 462 343 361 13 134 148 337 114 205 36 93 311 4 224 201 437 184 240 103 30 131 96 431 322 60 53 207 227 31 357 72 33 247 274 252 213 54 137 167 354 5002 245 100 146 196 375 348 65 138 56 164 45 275 440 352 219 336 125 84 15 211 2 463 278 152 395 266 267 128 315 67 326 223 359 264 218
Case #9: Yes
2 3 1 6 4 5
Case #10: Yes
4999 5001 4998 5002 4997 5003 4996 5004 4995 5005 4994 5006 4993 5007 4992 5008 4991 5009 4990 5010 4989 5011 4988 5012 4987 5013 4986 5014 4985 5015 4984 5016 4983 5017 4982 5018 4981 5019 4980 5020 4979 5021 4978 5022 4977 5023 4976 5024 4975 5025 4974 5026 4973 5027 4972 5028 4971 5029 4970 5030 4969 5031 4968 5032 4967 5033 4966 5034 4965 5035 4964 5036 4963 5037 4962 5038 4961 5039 4960 5040 4959 5041 4958 5042 4957 5043 4956 5044 4955 5045 4954 5046 4953 5047 4952 5048 4951 5049 4950 5050 4949 5051 4948 5052 4947 5053 4946 5054 4945 5055 4944 5056 4943 5057 4942 5058 4941 5059 4940 5060 4939 5061 4938 5062 4937 5063 4936 5064 4935 5065 4934 5066 4933 5067 4932 5068 4931 5069 4930 5070 4929 5071 4928 5072 4927 5073 4926 5074 4925 5075 4924 5076 4923 5077 4922 5078 4921 5079 4920 5080 4919 5081 4918 5082 4917 5083 4916 5084 4915 5085 4914 5086 4913 5087 4912 5088 4911 5089 4910 5090 4909 5091 4908 5092 4907 5093 4906 5094 4905 5095 4904 5096 4903 5097 4902 5098 4901 5099 4900 5100 4899 5101 4898 5102 4897 5103 4896 5104 4895 5105 4894 5106 4893 5107 4892 5108 4891 5109 4890 5110 4889 5111 4888 5112 4887 5113 4886 5114 4885 5115 4884 5116 4883 5117 4882 5118 4881 5119 4880 5120 4879 5121 4878 5122 4877 5123 4876 5124 4875 5125 4874 5126 4873 5127 4872 5128 4871 5129 4870 5130 4869 5131 4868 5132 4867 5133 4866 5134 4865 5135 4864 5136 4863 5137 4862 5138 4861 5139 4860 5140 4859 5141 4858 5142 4857 5143 4856 5144 4855 5145 4854 5146 4853 5147 4852 5148 4851 5149 4850 5150
Case #11: Yes
4999 4998 209 125 4997 257 211 4996 250 489 204 103 4995 5006 105 4992 150 413 5002 80 386 86 411 167 117 153 409 166 281 453 233 124 232 300 18 210 320 4993 137 31 287 178 387 5008 402 75 472 138 357 438 203 5009 293 5003 90 17 380 471 268 4990 97 254 292 4991 104 301 401 5001 443 420 79 366 280 316 4 234 466 356 208 245 442 271 286 321 223 455 452 435 30 272 5007 5010 142 467 267 312 4989 451 488 244 379 168 155 116 249 246 5005 421 87 319 4994 408 311 224 313 158 494 5 5004 73 181 98
Case #12: Yes
364 268 459 399 259 5 252 461 31 426 143 228 133 428 103 262 163 4999 118 311 353 356 460 201 350 15 416 284 456 154 5002 218 363 36 5003 401 6 257 248 55 140 445 45 162 345 24 58 7 490 108 149 455 114 255 397 427 385 180 4996 306 488 196 81 394 21 43 338 372 138 480 408 18 277 497 212 86 386 193 166 223 246 3 409 463 11 377 64 5004 141 132 321 298 318 8 323 57 326 158 178 245 197 369 271 91 124 34 477 97 251 358 479 198 169 440 139 54 74 411 217 402 327 32 12 210 237 125 168 14 5001 382 239 80 226 267 359 371 400 316 296 395 50 5005 47 355 150 462 194 88 274 126 483 354 484 373 439 329 165 492 116 200 144 41 16 307 431 404 305 189 448 35 100 151 420 25 117 315 5006 204 51 295 113 433 496 230 52 46 299 452 123 398 325 375 2 319 414 322 89 304 419 94 279 4997 418 191 4994 127 231 96 37 286 156 281 106 90 478 9 314 73 5007 276 442 328 4998 181 320 195 247 406 443 65 211 172 99 4992 4 451 272 331 222 261 136 378 67 337 115 332 273 310 474 486 229 317 405 159 380 59 4995 48 467 75 413 471 83 434 40 256 238 224 498 275 270 339 13 1 336 209 177 468 481 4993 173 109 473 95 110 374 66 227 203 421 206 263 213 396 472 430 104 407 258 491
Case #13: Yes
472 208 262 410 341 152 286 382 188 133 477 4999 237 150 300 197 319 4998 29 45 379 73 445 270 261 462 324 475 110 342 402 193 106 428 358 217 421 317 14 368 236 4997 4996 292 346 99 140 31 473 309 340 316 20 189 144 265 162 4995 246 499 332 70 424 352 372 474 4994 279 5005 294 1 4993 364 86 4992 47 291 373 5006 190 130 457 127 216 274 491 437 442 278 498 344 3 154 395 139 83 452 305 327 453 362 458 56 263 394 461 91 375 113 107 271 408 115 412 416 470 247 488 464 248 423 425 198 229 383 378 53 9 211 429 438 76 369 240 94 44 245 171 57 420 143 435 80 407 90 299 269 297 24 398 37 214 494 51 285 273 353 180 15 281 363 138 55 280 132 495 145 471 481 71 54 79 30 403 298 307 173 415 128 241 210 476 68 12 357 360 72 390 226 134 482 400 136 385 151 434 376 244 18 194 4 98 174 232 252 322 102 225 306 258 67 199 5 4991 460 183 5003 5001 480 486 469 310 27 77 100 222 221 157 333 343 419 50 5007 485 354 5004 361 159 396 321 16 287 220 156 46 5009 406 401 39 414 19 207 427 347 213 242 187 93 10 129 250 351 443 5002 381 87 314 275 405 43 163 374 404 78 238 243 302 254 109 120 422 111 370 446 137 5008 121 409 170 492 489 227 116 466 296 326 431 52
Case #14: Yes
481 275 221 320 132 4999 183 139 4998 230 4997 379 351 421 77 404 4996 4995 216 4994 308 91 479 62 298 4993 287 168 484 242 303 255 391 203 433 6 17 129 131 185 4992 5009 217 179 485 5010 57 247 224 108 378 196 477 76 4990 98 280 376 397 469 143 4988 319 262 4989 424 4987 236 39 266 75 222 5011 68 321 4986 313 4985 137 161 284 478 314 5004 265 5006 48 8 4984 110 4983 396 18 4982 5003 250 467 4981 277 4980 486 342 5016 135 291 456 334 4979 4978 386 237 204 26 450 263 4977 157 278 43 74 244 257 254 5017 4976 142 423 385 120 360 101 136 409 155 457 67 299 64 218 23 286 463 4975 175 5015 10 2 5019 4974 156 5018 276 5013 318 1 368 419 158 4973 238 4972 227 5014 300 195 435 5008 149 73 442 53 4 346 52 109 408 403 5020 317 124 4971 240 187 4970 201 483 162 258 78 336 443 4969 333 5007 100 468 332 5026 167 90 5021 4968 307 5 290 138 5031 5023 5027 369 252 370 41 411 63 390 184 99 4991 417 147 148 241 130 174 264 246 249 119 5012 372 231 4967 4966 169 5022 61 5034 84 202 11 9 377 5033 5024 25 5025 5005 146 316 381 239 125 4965 5032 189 359 40 392 345 451 5035 56 5030 47 271 283 452 331 272 337 253 350 225 462 465 83 341 5029 288 470 219 5002 72 5028 7 226 178 267 412 251 301 281 328 220 405 22 5001
Case #15: Yes
2 4 3 6 5
Case #16: Yes
211 189 250 135 332 320 301 382 115 253 40 329 363 402 327 352 288 265 46 409 235 90 194 226 4999 208 44 457 359 77 237 257 172 4998 345 18 182 78 3 193 324 180 380 435 186 282 170 43 467 69 277 93 58 107 4997 206 339 360 364 4996 335 203 5001 458 4995 97 190 252 468 95 227 101 333 143 491 407 19 35 251 179 197 368 437 426 316 264 325 307 381 27 484 68 354 268 9 108 104 4994 234 4993 267 4992 169 5006 415 42 259 283 300 396 184 109 5003 89 124 417 420 261 482 5007 16 188 38 148 71 424 485 338 4991 367 55 295 4990 79 51 144 452 461 423 121 129 2 369 8 398 271 201 416 217 114 411 85 4989 84 273 5002 96 451 37 298 287 387 4988 65 475 296 34 389 322 86 321 340 202 63 32 4987 130 113 48 449 62 492 52 156 5011 100 460 136 10 342 158 5004 5012 263 383 54 6 341 270 334 310 33 400 233 308 413 489 196 478 311 5013 11 229 428 168 422 344 403 231 432 5008 64 198 117 353 123 441 126 228 178 328 4986 384 490 276 254 438 7 29 98 210 216 448 25 379 425 255 5009 5 399 127 125 166 49 191 317 481 187 286 173 378 66 183 5005 5010 59 388 299 256 370 474 312 5014 99 373 442 285 236 406 30 20 377 429 477 421 318 72 17 149
Case #17: Yes
1 2 10 11 20 21
Case #18: Yes
326 494 8 420 277 224 249 120 240 74 1 71 183 176 72 214 385 382 18 96 472 213 330 144 50 370 116 125 84 480 456 243 463 31 245 22 4 272 415 117 111 390 158 4999 10 130 426 131 47 68 469 75 86 351 367 238 66 27 4998 410 112 4997 227 430 160 366 345 51 356 155 209 335 5002 85 486 459 4996 424 460 5001 223 208 53 368 325 308 333 43 70 295 493 254 78 389 429 293 136 42 297 4995 173 492 289 166 342 362 491 4994 451 49 437 282 4993 358 281 274 458 194 422 232 204 425 357 118 4992 212 361 7 113 489 350 63 280 88 147 56 307 5 283 253 376 64 19 4991 5004 32 303 379 5006 17 291 93 354 405 215 332 378 4990 11 442 413 189 179 257 441 135 167 40 200 15 156 57 419 262 124 5009 316 16 421 461 306 73 97 175 225 104 408 152 5008 250 375 477 191 455 447 101 65 394 416 318 196 184 143 216 310 457 304 39 83 488 339 411 499 364 340 148 498 474 236 327 6 24 484 301 172 452 284 69 299 217 414 481 5003 177 331 5007 137 181 5010 444 77 377 436 435 228 386 427 29 471 393 52 233 203 260 373 5005 404 383 450 409 371 231 271 153 193 190 433 82 276 468 162 487 87 161 230 171 201 336 100 235 462 94 244 443 187 302 199 239 449 261 44 25 434 81 309
Case #19: Yes
4 1 8 3 5 6 9 7
Case #20: Yes
255 254
Case #21: Yes
260 288 488 231 6 4999 453 8 4998 186 391 436 4997 296 5002 268 190 168 399 4996 230 269 474 184 194 4995 4994 334 4993 463 261 239 4992 257 458 179 4991 361 4990 228 192 4989 145 109 16 392 203 110 217 368 74 253 4988 4987 167 141 425 415 267 4986 4985 5010 5004 55 308 3 4984 183 5008 373 218 413 32 414 13 115 5017 5016 208 5018 442 266 5019 224 344 207 5020 254 331 5021 106 107 438 358 489 5003 304 9 132 4979 104 321 73 384 5011 433 189 142 343 139 5022 4980 388 245 182 130 348 213 485 4982 394 5009 398 14 204 127 332 434 445 71 105 4977 63 5007 294 97 128 476 135 251 347 4978 5015 451 212 5023 70 473 305 235 424 234 454 4981 54 60 265 185 365 437 377 22 5014 50 229 31 116 338 129 5013 123 412 49 337 5006 175 124 408 297 244 76 125 385 222 131 459 237 362 103 372 5012 376 289 393 291 98 56 89 23 4983 484 90 5001 200 201 147 209 5005 149 426 146 223 4976 290 143 134 2 407 206 359 15 306 293 446 452 322 443 389
Case #22: Yes
44 213 53 125 4999 321 4998 461 30 229 147 75 448 223 7 4997 128 108 345 103 286 457 288 4996 263 496 4995 78 401 365 54 381 455 291 417 252 57 64 122 16 5006 4 322 325 181 5007 31 140 66 5008 5009 176 37 364 389 5010 168 5011 5012 129 403 4987 160 466 231 290 167 5001 5013 228 116 5014 71 326 11 438 416 296 406 328 114 5015 4990 418 259 142 435 49 285 113 5016 495 52 4989 264 456 437 269 220 42 135 359 159 86 123 494 5017 367 4988 420 72 5018 146 358 172 161 187 117 26 379 94 5019 476 230 295 20 343 188 302 484 193 261 109 441 14 339 458 13 342 163 434 4984 80 4986 4979 353 3 121 23 419 25 421 377 19 337 4978 287 5022 4982 402 5021 48 440 348 335 180 152 10 492 304 134 45 4977 4981 474 485 143 4992 346 4976 347 43 186 4975 6 87 4974 4980 192 465 274 279 4973 462 5025 244 4972 393 329 369 415 382 151 63 338 275 243 36 165 334 268 366 191 237 449 423 4971 5005 390 104 5003 5028 392 424 51 350 111 278 460 155 39 251 209 136 76 141 4993 178 5002 303 354 405 67 4983 256 5023 112 4970 79 4969 330 363 468 4991 235 55 4985 211 18 5029 255 5020 4968 154 234 185 58 81 5004 221 5032 422 182 214 4967 133 69 5024 4994 5033 372 371 222 385 258 5031 240 5030 467 124 5026 5027 361 93 24 210
Case #23: Yes
144 295 91 4999 165 230 237 36 127 228 9 4998 4997 235 4996 140 153 4995 168 160 227 4994 217 5002 126 27 204 256 201 60 4993 223 4992 68 142 4991 4990 4989 86 163 4988 2 151 4987 38 208 108 143 222 294 194 6 4986 95 101 274 172 5011 5006 206 119 98 4985 200 190 41 289 5007 282 4984 54 4983 202 129 74 221 4982 5009 169 276 205 229 150 100 258 79 149 67 275 306 4981 132 5010 164 219 97 5004 135 23 4980 207 304 118 110 115 4979 59 49 33 53 8 4978 5 184 307 5014 4 5008 4977 185 286 55 296 162 26 4976 197 16 31 5003 85 4975 117 42 48 5024 107 29 263 4974 269 174 4973 105 192 180 25 4972 4971 99 273 5017 20 46 268 96 4970 61 89 238 94 240 146 78 293 18 4969 251 4968 167 4967 45 145 81 51 5022 44 43 176 181 154 4966 3 136 218 4965 171 177 308 161 5026 183 30 5019 63 19 234 152 5035 5028 58 22 5005 5031 147 128 64 224 4964 250 15 301 17 5034 302 236 297 241 173 255 120 212 259 5020 88 5027 5001 124 186 244 50 187 5012 32 5016 155 4963 220 5025 178 262 125 191 111 203 5013 141 196 303 93 73 159 5030 34 5036 5029 288 5018 305 179 5023 281 90 148 139 4962 5037 4961 113 5038 210 104 5021 209 280 112 292 114 283 37 239 188 5015 35 133 285 138 80 166 211 92 195 24 189 5032 245 5033 170 52 5039
Case #24: Yes
47 71 225 388 147 21 148 4999 386 250 69 312 390 374 399 307 110 151 4998 4997 454 81 407 261 247 376 20 465 380 97 4996 4995 130 169 4994 338 475 122 92 303 5005 341 285 245 495 104 249 273 256 98 279 210 141 284 431 291 183 280 406 347 379 215 100 13 333 83 480 202 35 174 311 5004 4993 494 155 102 78 461 168 1 443 4992 487 4991 201 301 2 269 451 350 219 354 266 149 319 241 40 453 322 214 8 101 243 255 170 370 375 232 176 334 476 355 398 55 331 260 366 4990 458 93 4989 11 378 82 326 389 327 68 314 468 121 77 330 4988 410 5009 240 287 185 5002 5001 5007 94 4987 416 171 4986 267 4985 31 348 5010 163 125 24 12 335 145 479 471 114 70 194 337 33 306 154 356 43 264 142 382 391 108 281 5003 324 320 433 470 442 357 56 135 396 172 310 26 342 286 457 109 136 263 220 196 424 105 37 113 129 184 371 489 413 124 22 115 164 449 412 488 276 467 302 42 211 363 72 195 381 270 46 7 36 446 414 288 428 87 187 224 5015 227 23 106 179 492 339 486 466 277 415 32 67 175 432 123 5006 25 18 5013 173 395 39 5012 298 427 349 27 5008 364 228 323 315 292 226 111 34 10 19 57 485 221 5014 128 181 385 236 86 491 186 178 29 272 445 5011 144 423 325 251 313 131 383 126
Case #25: Yes
356 292 386 42 261 3 286 360 260 425 155 90 477 341 86 111 417 76 347 456 295 165 85 118 354 75 253 296 14 323 4999 311 234 174 8 479 466 218 345 500 284 4998 264 327 428 175 28 276 65 202 294 73 206 57 381 146 465 358 13 52 129 81 179 279 469 290 398 126 58 142 497 396 270 115 314 280 395 287 222 127 324 272 153 440 266 198 376 18 68 108 124 200 285 316 225 227 473 109 406 110 125 169 387 310 60 138 143 216 274 359 262 54 94 449 291 353 476 434 401 154 101 56 211 166 302 241 10 22 447 263 429 78 405 304 131 419 268 4997 43 187 230 348 201 442 157 486 458 203 112 366 4996 349 128 6 322 484 431 355 255 205 5002 51 245 481 212 121 474 171 4995 297 368 55 337 95 4994 315 471 312 319 418 480 289 402 265 5004 74 197 107 464 333 384 267 334 132 226 34 416 103 328 251 181 404 91 375 89 233 239 117 133 104 29 113 455 460 100 247 482 244 493 5003 427 390 342 84 167 48 320 62 412 80 5006 256 158 5001 420 61 210 363 414 36 20 424 362 432 147 134 63 457 338 145 309 446 472 242 77 388 252 463 33 303 196 1 32 257 140 293 186 47 397 53 411 393 156 152 35 193 394 470 180 122 269 150 209 450 435 240 308 164 494 317 430 383 389 31 377 5005 326 374
Case #26: Yes
101 75 270 116 167 341 163 4999 327 381 62 455 4998 261 189 32 322 232 4997 244 164 420 157 26 499 496 318 5001 463 205 490 4996 340 27 5005 403 237 25 113 57 5006 233 21 437 174 46 470 228 307 310 150 67 16 483 238 5007 5008 384 256 118 109 34 45 371 125 5009 80 173 201 484 10 188 5010 439 399 354 29 4991 123 83 11 395 219 177 431 14 136 344 203 287 172 473 165 377 154 126 198 428 417 15 259 218 5011 17 158 4992 365 5012 248 262 343 192 4986 79 208 74 93 156 18 461 471 5014 181 197 447 3 134 152 133 13 12 145 28 144 124 319 404 326 487 493 182 257 4985 5015 249 236 247 474 147 430 149 492 465 433 4993 443 272 39 268 191 279 292 4987 456 309 346 5002 306 258 367 60 112 166 235 266 286 22 333 477 444 370 159 99 469 276 53 41 385 464 478 213 110 90 372 489 68 5004 345 58 155 285 352 98 334 214 302 170 19 378 70 436 468 72 323 114 355 459 4 421 4988 76 162 389 250 283 440 140 467 231 176 73 210 4984 4990 186 396 462 234 260 153 280 429 5013 472 227 51 418 185 36 288 77 206 115 100 63 336 229 242 161 392 37 132 40 175 328 5003 38 4994 1 434 96 119 141 282 69 383 303 4995 30 335 135 398 87 291 351 146 47 416 4989 277 342 59 202 66 82 265 405 2 269 5016
Case #27: Yes
208 466 475 17 286 224 333 399 485 233 76 74 4999 318 40 204 137 4998 75 219 319 5002 78 335 378 65 353 232 497 461 283 277 340 5001 218 278 55 4997 18 339 368 5003 398
Case #28: Yes
9 316 104 37 164 315 343 134 310 8 193 140 257 64 495 171 26 484 357 256 440 480 119 225 370 125 416 390 110 113 336 325 76 170 319 158 385 412 258 478 57 90 348 63 456 469 233 126 369 500 75 53 323 120 267 442 144 331 362 220 308 200 403 437 328 396 305 320 243 287 449 276 290 41 254 29 351 318 249 212 109 327 174 21 493 468 365 205 270 131 191 19 445 260 496 5 393 226 122 207 284 466 425 195 58 407 306 101 354 51 311 398 221 470 28 223 476 353 454 455 463 34 118 298 133 10 347 208 244 42 194 417 265 487 189 314 152 98 472 333 102 382 424 297 55 292 23 477 423 273 422 72 180 20 36 268 146 94 181 420 67 177 397 446 230 399 247 366 209 386 373 213 204 31 444 324 132 117 436 217 229 418 342 219 296 303 251 87 378 123 99 56 24 52 300 108 430 161 428 486 286 242 372 313 105 13 44 494 421 39 201 335 299 380 192 234 150 127 439 62 81 96 474 160 406 344 413 33 371 188 74 78 206 283 246 210 321 48 237 352 43 471 240 450 7 411 394 84 322 215 88 384 252 274 45 282 339 143 309 401 408 103 479 135 294 497 295 176 211 115 409 68 165 452 85 438 65 278 183 30 151 329 71 250 69 15 261 97 426 59 238 361 340 368 235 17 116 185 498 107
Case #29: Yes
271 72 178 157 4999 65 291 4998 4997 306 13 4996 125 191 96 169 234 4995 94 228 202 272 7 4994 58 4993 4992 287 134 102 82 273 95 203 34 241 247 141 254 307 12 237 64 23 4991 87 175 166 107 92 138 4990 294 253 173 300 256 116 231 246 146 4989 140 252 159 74 121 267 2 248 20 62 207 4988 148 50 171 3 264 4987 5002 49 4986 236 193 5001 21 76 71 304 5005 199 229 145 197 90 126 33 18 135 130 186 268 11 286 105 36 240 4985 4984 133 293 4983 269 5015 101 4982 4981 155 281 35 250 115 4980 22 218 1 310 4979 282 80 4978 213 124 147 5018 5011 100 4977 31 4976 238 299 211 156 210 214 200 245 308 208 4975 188 60 17 170 139 89 201 183 5016 118 4974 5019 5025 5014 215 55 5026 4973 5017 123 83 292 235 259 187 260 97 91 4972 81 136 59 88 265 284 209 198 5021 274 4971 184 303 4970 158 5027 5013 69 270 205 5022 194 44 288 212 5006 189 217 4969 305 243 4968 27 131 233 258 75 137 4967 6 43 204 114 5033 117 103 174 14 165 192 5024 251 176 172 5003 5029 255 37 24 56 108 182 25 4 280 285 149 5009 177 26 38 220 99 73 5012 5004 5 5028 112 28 39 5008 119 5030 111 249 150 279 5010 4966 29 244 30 257 142 5023 5032 66 120 10 32 5034 57 5020 160 309 104 221 5007 239 232 5031 206 15 93 70 61 63 216
Case #30: Yes
374 42 405 392 464 489 24 452 273 492 4999 36 4998 236 4997 307 271 246 5002 259 444 93 314 21 445 96 451 82 139 104 420 123 299 118 221 387 95 366 300 335 112 49 383 41 261 320 79 177 156 496 108 312 206 4996 418 170 2 413 111 290 274 482 155 30 13 31 226 230 270 422 260 52 430 386 393 1 38 174 171 195 97 477 378 483 327 197 337 249 98 391 267 196 245 63 497 435 434 5 352 54 184 138 130 448 190 166 244 315 168 369 163 317 439 358 423 396 9 215 279 427 476 27 428 4995 440 189 395 484 133 425 491 198 277 351 81 4994 450 390 458 280 284 5004 109 214 302 467 91 262 127 253 218 191 5005 137 338 5001 310 157 117 210 364 461 340 116 204 334 162 377 67 144 192 248 10 200 224 209 252 381 316 389 385 223 178 142 39 148 5003 296 59 110 22 490 169 361 77 344 365 382 47 373 71 250 414 182 122 449 309 46 394 208 165 498 154 240 235 5006 313 83 125 485 403 107 459 424 143 294 64 4993 324 175 101 62 16 74 141 185 183 319 265 205 481 180 58 40 106 5007 6 238 278 388 131 181 419 269 121 4992 285 136 412 486 72 318 308 465 342 124 15 68 5008 160 147 416 384 126 417 404 295 61 415 159 134 231 433 368 339 437 343 105 436 199 241 367 237 402 37 115 289 219 297 12
Case #31: Yes
134 4999 135 461 4998 2 429 19 386 186 4997 159 480 202 18 232 26 482 484 263 50 6 382 366 347 4996 180 5001 371 333 420 258 102 485 355 89 166 4995 216 350 160 245 298 123 308 282 276 401 163 146 354 292 441 312 4994 218 124 264 80 299 136 4993 394 266 402 4992 337 341 65 176 30 188 4991 430 114 86 96 138 4990 384 290 458 79 235 32 451 449 481 5003 4989 335 100 137 4988 55 486 93 207 4987 38 390 470 148 140 21 307 340 293 328 5011 49 321 467 58 428 424 422 119 59 17 411 344 95 151 84 157 393 291 259 35 99 36 183 227 88 150 5007 406 179 4986 78 154 332 162 436 5006 309 412 43 110 407 231 103 416 109 314 242 66 370 194 152 306 4985 4984 365 322 464 169 270 31 37 178 177 204 7 288 462 54 351 374 345 191 192 83 385 413 117 261 203 421 122 324 265 4983 115 131 427 5014 92 187 5017 5010 70 34 72 409 200 29 471 190 44 254 4982 492 440 283 76 310 359 5004 51 364 130 399 456 325 269 487 87 408 149 240 315 397 447 479 195 5013 5016 5009 5018 10 489 113 465 82 156 289 165 5 205 334 327 5005 5002 164 284 237 277 13 189 5015 367 141 446 217 395 437 20 358 4981 490 210 12 118 33 182 167 450 16 419 491 226 14 253 211 241 143 48 5019 5008 145 466 209 5012 414 142 348 260 196
Case #32: Yes
4999 313 400 425 4998 124 223 165 6 335 4997 82 310 318 125 361 187 392 421 41 326 416 380 267 77 70 264 321 73 17 259 4996 91 367 131 210 329 4995 168 330 402 79 387 189 300 85 166 230 364 332 337 355 265 406 4994 69 430 258 4993 93 222 418 140 167 440 5005 5001 188 4992 4991 38 89 11 442 120 214 59 5006 365 16 32 3 62 342 333 261 373 24 431 114 7 343 115 304 432 352 311 441 398 4990 226 67 397 130 339 317 372 295 196 192 417 199 232 161 328 360 338 235 92 157 160 359 4989 283 128 5 4988 4987 148 10 74 426 4986 4985 423 4984 419 375 5003 246 212 346 5010 234 260 445 301 96 307 290 177 97 266 278 132 294 438 141 292 112 401 164 391 111 213 5014 303 183 247 83 58 286 142 65 345 424 354 147 5008 5011 5016 229 388 394 443 25 5004 86 12 420 252 5015 386 217 127 389 14 193 4983 5002 5017 298 26 308 4 383 209 203 123 291 363 146 385 211 254 50 253 156 113 353 51 126 190 216 5012 263 413 185 427 163 37 243 33 296 5013 31 178 257 282 98 103 250 268 66 412 99 133 90 184 279 78 94 109 256 23 4982 327 374 144 404 293 43 434 435 446 5007 5009 312 151 44 53 122 362 344 145 80 299 54 366 102 357 302 384 236 336 379 242 251 13 40 208 437 30 5018 227 322 415 447 204
Case #33: Yes
259 61 146 10 4999 230 338 482 93 137 6 473 308 4998 81 42 311 4997 4996 434 426 364 4995 4994 231 5002 2 444 324 110 392 242 94 150 5004 205 499 30 310 475 493 147 386 217 326 9 176 383 370 432 463 350 267 162 368 283 4993 331 130 333 4992 144 4991 272 70 334 215 5008 8 288 50 85 135 304 459 151 87 362 282 458 5007 5001 479 251 346 4990 4989 183 452 483 95 106 184 472 341 120 75 76 39 31 109 88 349 239 466 476 111 375 67 115 69 478 405 436 305 102 200 3 249 4988 262 378 25 294 492 5011 437 98 332 145 62 256 390 214 460 366 371 261 277 5009 45 411 44 92 119 180 363 175 474 5012 5013 152 240 4 327 4987 265 412 35 177 353 218 348 480 51 384 319 108 77 84 388 182 41 13 4986 211 5 5014 127 321 169 422 187 79 167 116 226 225 247 163 46 355 5006 281 5015 489 143 354 447 271 487 385 266 292 131 443 207 7 5016 421 4985 194 464 178 325 320 367 477 399 360 82 24 377 206 448 257 208 467 291 209 186 431 470 5003 136 420 500 347 128 290 279 129 12 138 427 352 29 199 323 401 393 400 280 5010 216 164 454 252 149 455 284 193 5005 219 435 210 406 451 255 365 361 268 97 142 4983 484 4984 297 238 241 121 55 374 309 36 433 132 395 40 101 382 423 63 298 263 54
Case #34: Yes
4999 5001 4998 5002 4997 5003 4996 5004 4995 5005 4994 5006 4993 5007 4992 5008 4991 5009 4990 5010 4989 5011 4988 5012 4987 5013 4986 5014 4985 5015 4984 5016 4983 5017 4982 5018 4981 5019 4980 5020 4979 5021 4978 5022 4977 5023 4976 5024 4975 5025 4974 5026 4973 5027 4972 5028 4971 5029 4970 5030 4969 5031 4968 5032 4967 5033 4966 5034 4965 5035 4964 5036 4963 5037 4962 5038 4961 5039 4960 5040 4959 5041 4958 5042 4957 5043 4956 5044 4955 5045 4954 5046 4953 5047 4952 5048 4951 5049 4950 5050 4949 5051 4948 5052 4947 5053 4946 5054 4945 5055 4944 5056 4943 5057 4942 5058 4941 5059 4940 5060 4939 5061 4938 5062 4937 5063 4936 5064 4935 5065 4934 5066 4933 5067 4932 5068 4931 5069 4930 5070 4929 5071 4928 5072 4927 5073 4926 5074 4925 5075 4924 5076 4923 5077 4922 5078 4921 5079 4920 5080 4919 5081 4918 5082 4917 5083 4916 5084 4915 5085 4914 5086 4913 5087 4912 5088 4911 5089 4910 5090 4909 5091 4908 5092 4907 5093 4906 5094 4905 5095 4904 5096 4903 5097 4902 5098 4901 5099 4900 5100 4899 5101 4898 5102 4897 5103 4896 5104 4895 5105 4894 5106 4893 5107 4892 5108 4891 5109 4890 5110 4889 5111 4888 5112 4887 5113 4886 5114 4885 5115 4884 5116 4883 5117 4882 5118 4881 5119 4880 5120 4879 5121 4878 5122 4877 5123 4876 5124 4875 5125 4874 5126 4873 5127 4872 5128 4871 5129 4870 5130 4869 5131 4868 5132 4867 5133 4866 5134 4865 5135 4864 5136 4863 5137 4862 5138 4861 5139 4860 5140 4859 5141 4858 5142 4857 5143 4856 5144 4855 5145 4854 5146 4853 5147 4852 5148 4851 5149 4850 5150
Case #35: Yes
54 235 295 18 76 4999 131 424 84 459 115 324 192 4998 322 118 234 285 11 183 20 122 85 51 194 103 405 4997 30 321 4996 50 79 465 36 95 464 5004 483 294 461 189 368 165 347 282 484 263 413 415 374 4995 417 277 82 166 5002 58 93 348 455 276 102 141 33 57 378 406 116 244 86 187 178 153 367 5001 35 443 433 262 23 4994 77 113 357 485 375 356 414 5005 73 5003 5006 123 434 170 358 159 423 416 130
Case #36: Yes
283 60 282 59
Case #37: Yes
448 194 40 56 273 440 263 218 477 4999 339 156 187 177 456 416 412 182 315 4998 50 338 460 437 303 333 466 176 485 33 161 228 189 78 312 478 207 474 221 95 425 142 159 264 77 328 294 106 361 5003 127 235 58 85 279 476 354 154 107 114 407 129 413 489 139 90 394 393 23 5002 480 343 295 125 414 275 256 415 233 223 367 251 29 341 63 186 373 1 267 458 144 13 445 280 20 364 21 391 308 250 385 130 51 70 257 168 126 404 239 128 74 249 143 69 317 236 93 153 372 39 449 472 360 421 277 214 324 491 5004 467 198 313 272 248 5005 278 31 463 365 374 119 96 247 258 299 487 19 217 3 112 368 9 209 484 327 100 75 24 441 398 45 259 481 145 101 120 232 41 451 4 424 111 192 253 201 266 400 390 2 200 148 420 79 98 4995 227 254 160 281 237 5006 137 410 213 241 4996 384 181 57 5001 422 452 231 206 197 430 319 166 287 298 431 88 496 432 204 60 5007 342 7 55 468 12 28 304 54 48 406 191 82 65 5008 320 44 11 4991 255 216 495 371 43 387 163 64 353 405 429 464 262 35 91 366 14 184 4994 428 76 500 185 86 115 473 222 465 318 167 397 246 423 457 322 99 5009 307 490 164 62 401 147 261 369 210 282 89 202 270 4990 331 4993 122 443 286 169 442 497 459 314 4997 4992 358
Case #38: Yes
4999 5001 4998 10 6 2 3 5002 4997 12 13 11
Case #39: Yes
59 4999 142 208 469 363 5002 246 274 443 267 78 264 344 99 4996 487 383 257 5005 146 4993 5008 452 253 182 58 4990 5010 11 63 258 54 412 5007 384 28 406 111 42 228 101 117 4994 4991 424 222 158 428 52 113 23 409 277 371 276 36 486 5004 366 5011 27 308 364 51 77 488 454 96 326 387 4987 223 186 313 38 4988 169 148 247 446 492 334 377 122 422 29 394 5009 32 4989 393 5006 421 5014 4984 464 459 283 456 317 453 318 343 323 5017 132 386 4981 139 287 332 482 309 5020 94 4979 328 46 303 484 91 147 288 379 151 128 174 442 241 60 184 352 312 419 471 348 354 353 269 327 243 367 324 112 427 417 103 5012 483 89 144 129 382 33 31 4978 199 399 5001 118 224 216 429 259 413 365 37 88 347 373 285 5013 157 4998 209 5022 67 92 134 242 263 219 130 5019 231 304 302 217 491 162 407 4992 14 5023 68 248 188 227 468 43 108 168 5016 279 418 297 388 137 119 447 4985 494 90 170 463 298 47 12 397 4975 342 172 183 314 163 233 79 252 349 22 333 473 310 164 187 4997 44 102 325 296 268 109 5015 5021 124 369 289 4980 4977 467 4976 97 4986 398 121 262 448 273 472 272 441 4982 5018 133 210 69 372 232 65 5025 378 136 319 152 198 284 48 229 143 156 4983 24 457 153 5024 173 254 4974 395 110 414 4995 5003 462 197 64
Case #40: Yes
475 112 4999 27 403 363 255 4998 305 407 214 307 55 388 208 72 434 224 116 95 177 373 88 4997 472 209 4996 73 452 4995 400 464 16 323 178 367 197 4994 184 87 92 248 139 495 4993 28 190 4992 90 4991 366 211 104 359 46 493 113 5007 31 4990 257 462 471 89 4989 156 155 4988 430 15 4987 4986 274 210 4985 193 45 175 96 147 182 174 146 5005 317 54 433 4984 5003 4983 4982 438 77 37 26 234 499 286 4981 278 142 394 300 5001 328 349 4980 215 25 35 38 217 344 5021 42 5022 5011 41 82 331 131 201 383 370 5023 368 5024 258 115 23 4976 5025 91 279 451 121 5026 192 138 339 360 295 461 494 2 5016 453 17 105 133 5013 51 341 5027 5009 40 348 56 391 343 5019 4978 5028 249 287 30 330 447 277 450 5020 492 34 263 260 337 477 4972 114 276 466 216 191 5029 22 5018 476 463 97 417 4974 18 369 336 374 4970 446 290 148 84 4977 261 496 429 302 364 203 436 425 301 183 47 225 170 83 316 5030 4979 150 4975 70 5002 120 4968 296 235 187 324 181 122 1 106 4971 292 256 303 273 393 5017 440 465 5 478 44 5032 395 4973 424 204 371 376 169 171 384 180 375 5010 212 390 200 57 399 4967 372 4969 329 71 3 5004 5014 426 198 50 5012 418 283 5033 85 76 315 345 365 386 5031 5015 285 179 340 6 5006 322 342 5008 186 289 325
Case #41: Yes
490 397 73 20
Case #42: Yes
420 239 192 293 196 20 121 493 131 325 320 4999 367 431 104 398 494 413 66 371 411 5001 4998 235 98 63 5002 281 492 76 236 81 319 354 275 68 179 442 202 421 108 130 75 21 397 292 277 195 355 120
Case #43: Yes
496 77 169 370 41 280 457 372 168 497 419 371 465 62 4999 176 262 63 458 394 4998 100 230 42 207 5001 175 5002 395 40 106
Case #44: Yes
288 23 90 380 47 4999 53 374 66 220 76 296 159 128 5001 52 4998 277 266 359 224 103 4 27 345 290 4997 70 335 342 384 161 175 5004 364 34 229 217 250 36 46 60 200 157 32 21 183 218 158 62 178 306 210 117 253 258 267 385 61 341 148 129 3 240 389 10 19 17 204 330 289 336 197 156 9 22 347 83 92 225 172 149 375 80 256 211 355 232 209 357 268 79 71 59 324 38 136 153 350 37 101 349 67 310 162 222 368 142 263 295 65 356 243 26 1 107 31 57 114 352 5005 63 13 8 5 125 74 55 43 323 131 115 326 169 325 198 387 177 104 166 170 348 312 143 236 5006 191 56 111 322 5002 188 235 135 173 297 50 317 305 48 29 144 298 151 16 307 39 100 84 242 124 390 199 160 7 278 376 228 182 192 45 279 98 274 309 292 251 150 377 227 186 40 174 58 241 344 105 110 332 14 254 207 223 120 294 262 187 382 140 20 320 354 230 291 261 371 189 146 321 361 132 134 260 184 2 141 176 193 234 4995 293 64 338 15 44 383 51 180 30 147 77 372 82 168 99 81 316 6 329 215 337 11 315 121 221 386 343 239 179 351 35 205 5003 116 287 171 311 308 299 119 273 259 216 379 285 275 86 194 284 319 4993 133 89 208 91 313 138 331 12 226 4994 118 4996 346 286 327
Case #45: Yes
56 143 96 155 305 39 303 330 205 156 179 253 373 438 122 3 486 287 4999 204 22 426 231 114 268 108 72 239 236 278 73 467 313 478 316 191 475 277 68 339 282 495 419 61 90 69 310 4998 443 331 290 261 336 425 355 24 185 263 206 466 154 498 464 349 6 77 148 130 120 147 461 171 485 314 323 327 453 439 325 436 250 228 271 111 375 26 422 222 45 337 214 218 199 312 391 490 468 4997 418 280 385 189 91 109 4996 19 333 286 446 242 289 237 140 334 38 4995 340 159 322 180 83 116 429 346 97 15 396 29 230 255 298 410 46 84 41 473 262 234 405 471 390 240 132 71 40 459 60 59 238 5003 481 411 124 321 49 170 184 441 452 266 50 301 243 4994 217 304 16 139 9 465 5007 188 351 5008 315 119 25 299 105 500 4992 488 492 477 309 153 57 235 64 406 383 5006 370 476 402 456 5002 379 125 393 183 403 103 81 363 371 260 281 320 78 182 74 55 382 460 131 65 424 4993 306 494 335 5001 392 381 421 141 4991 121 431 317 200 272 470 93 8 364 350 458 324 160 216 5005 356 82 227 353 115 372 264 265 445 254 20 5009 409 487 462 167 455 417 437 348 380 472 496 233 58 215 352 480 427 47 198 248 332 407 326 341 102 178 4990 344 117 166 21 435 5004 430 94 13 434 270 269 357 223 48 376 386 113
Case #46: Yes
4999 153 112 4998 354 479 426 4997 399 5004 422 5005 5006 5007 266 146 80 4993 242 367 5008 186 5009 4991 70 425 243 203 197 413 5001 129 480 430 355 248 144 404 356 108 5010 372 271 423 4995 113 130 267 400 252 4994 4992 217 148 190 216 5003 65 331 337 4996 134 368 175 176 5002 414 403 88 332 109 4990 69 4989 249 187 336 57 272 145 338
Case #47: Yes
1 13 10 11 12
Case #48: Yes
284 4999 308 466 305 134 332 62 175 486 81 171 4998 453 4997 4996 474 258 309 373 4995 495 4994 4993 304 262 375 131 235 4992 5007 4991 4990 143 162 286 112 388 4989 202 41 293 4988 5003 4987 473 120 60 4986 161 154 228 441 429 329 52 487 197 5015 11 425 24 355 401 358 454 5016 372 96 434 348 1 70 89 255 99 343 316 380 287 5005 16 221 5017 249 85 389 260 5013 283 2 271 138 5018 64 337 409 362 49 340 147 482 43 456 306 435 5019 196 288 393 5020 439 5021 231 71 381 419 270 406 25 318 80 5001 219 254 119 5014 45 51 5022 97 12 325 462 95 211 90 5006 191 279 470 494 132 457 475 4984 113 326 5023 5002 468 44 233 105 303 469 5024 5 333 331 492 164 159 5025 317 4978 281 50 188 127 322 133 4974 465 448 349 121 344 298 374 455 5011 414 46 476 5026 222 426 291 384 267 496 118 5008 444 345 498 193 248 338 404 4977 390 173 106 5027 66 289 168 263 100 4972 4979 63 481 410 356 320 110 360 4981 385 5004 37 155 5010 59 4976 301 4 490 73 443 210 47 184 428 40 4980 183 489 108 459 361 394 264 330 139 144 86 111 4975 5012 234 461 42 265 282 341 203 245 491 128 266 4985 232 145 38 65 209 4983 5009 227 420 236 391 460 259 430 4982 319 363 411 163 69 499 297 4973 413 17 471 195 220 208 424 174 244 447 483 280
Case #49: Yes
211 35 4999 191 437 324 286 4998 23 413 36 471 422 389 246 427 488 278 250 32 153 4997 170 26 8 319 214 454 320 297 5004 369 133 272 220 132 193 84 43 65 31 5001 40 476 12 261 5005 156 323 429 370 305 127 402 5006 439 430 41 4995 5007 388 13 124 308 317 5008 316 192 269 5009 111 423 4993 403 5010 5011 48 384 71 152 5012 4986 239 5003 285 461 225 426 135 151 355 462 157 232 4985 300 4984 357 387 490 141 481 206 4983 480 257 4982 120 444 122 98 121 475 142 230 238 231 207 83 3 5015 109 315 276 4981 5020 5021 178 5022 495 150 66 5023 4991 138 5024 4996 82 399 47 458 4988 258 446 4978 5018 29 440 5025 60 171 306 119 179 282 14 7 372 432 354 479 376 5026 39 4979 307 5027 496 4990 61 85 329 271 89 425 4994 184 5028 4989 373 229 346 5002 251 4992 483 398 390 186 180 90 30 118 38 22 5029 5030 314 5017 360 72 75 222 266 4969 445 487 451 45 134 358 4975 4971 212 185 64 4987 294 5031 4972 459 424 299 438 5032 79 5016 4977 5019 412 240 492 5014 493 5033 4973 5 200 5034 100 377 78 25 223 226 99 4967 92 391 213 49 44 87 4980 4965 378 126 275 74 123 4976 97 5035 280 50 110 4974 4966 361 2 345 243 452 136 5013 5036 472 281 4964 221 4970 202 4963 268 330 4968
Case #50: Yes
4999 4998 4997 4996 5005 5006 5007 5008 4991 5004 5009 5010 5011 4987 5014 5015 5016 4993 5017 5018 5019 4979 4978 5023 5024 5025 5026 5027 5028 5029 5030 5031 5032 5033 5034 5035 5013 4963 4962 4961 4983 4960 4959 4958 5043 5044 5045 5046 5047 4951 4950 5021 4949 4948 4947 4946 4945 5002 4944 4943 4956 4942 4972 4941 4940 4939 4938 4985 4966 4937 4936 4935 4934 4933 5022 5068 5069 4929 4928 5073 5074 5075 5076 4922 5039 4921 4920 5079 4919 5082 5083 5084 5085 5086 5051 5087 5088 4988 5089 4965 5090 5091 5092 5093 5094 5095 5096 5050 4995 5062 4906 5097 4980 4912 5098 5099 4923 4908 5100 5101 5102 4977 5103 5104 4952 4900 5105 4992 4926 5106 4892 4891 4890 4974 5054 4889 4888 5113 4954 4907 4914 4911 4986 5114 5055 5115 5116 5117 5118 5119 5120 5042 5121 4902 5122 5123 4994 4884 5124 4904 5125 5065 4878 5112 4873 4872 4871 4870 4882 4869 4885 5081 4868 4925 5003 4867 4893 4880 4874 5128 5126 4866 5012 5061 4886 5052 4865 5064 4864 4913 4863 5060 4862 4895 4989 5020 4877 4930 4897 5078 5107 5136 4861 5072 4905 4909 4975 5137 4860 4881 4984 4955 4910 5139 5077 4981 4859 4858 5053 4857 4970 4931 4856 4876 4976 5066 4901 4894 5056 5129 5141 4855 5132 4854 5071 5109 5048 4896 5142 4969 5080 5063 5143 4853 4968 5041 4852 4851 4971 4875 5059 4850 4964 5040 4927 5036 4924 5130 4982 4883 5067 4918 5058 5070 4917 5148 4899 5001 4915 5134 5135 4879 4887 4916 5049 5057 5110 5145 4903 4957 5111 5108 5147 5146 4973 4953 5127 5131 5133 4898 5038 5150 5144 5140 4990 5037 4932 5138 4967 5149
Case #51: Yes
76 8 302 170 441 190 75 198 57 396 369 81 94 381 189 209 399 200 65 71 288 429 67 431 295 99 363 420 85 204 64 407 58 86 182 133 280 144 355 442 245 168 423 276 419 4999 96 72 164 183 124 9 370 405 401 358 109 313 4998 260 275 192 82 4997 422 25 222 4996 104 299 445 206 29 262 377 292 111 248 333 387 117 430 259 231 297 418 326 87 211 195 97 148 4995 287 342 383 318 327 184 414 283 103 393 224 62 386 356 345 10 136 312 266 140 353 163 394 233 4994 55 417 135 362 145 317 324 30 379 293 5004 294 271 4993 2 256 63 155 194 234 149 59 221 242 54 203 16 398 5003 169 274 444 378 402 449 325 230 176 4 180 51 202 450 139 108 23 281 365 375 385 4992 352 159 382 270 92 153 392 246 134 212 162 253 18 205 127 305 384 400 128 160 255 279 11 197 207 388 50 14 20 4991 223 5007 88 129 391 413 171 95 131 374 35 232 156 107 68 349 17 32 282 157 60 123 45 196 98 354 290 215 19 218 229 284 41 199 70 130 7 217 303 344 116 191 238 115 24 1 448 5009 335 5002 175 249 74 31 220 306 395 272 132 44 437 319 3 323 397 37 5005 296 126 408 434 301 125 277 52 152 5008 334 447 112 435 316 5006 193 346 291 110 21 187 5001 348 361 251 239 42 91 228 332 225 263
Case #52: Yes
51 71 1 207 44 174 154 108 417 444 167 390 83 220 331 155 429 374 303 190 361 4999 50 129 358 86 396 213 4 322 340 378 441 402 193 285 413 15 32 8 399 9 272 17 376 94 351 308 438 176 203 276 139 29 77 403 3 298 43 339 392 138 398 245 191 295 271 284 354 166 253 231 65 141 161 87 151 45 382 60 430 380 192 287 270 5 391 310 204 258 66 47 411 12 344 118 56 255 320 251 314 230 22 123 329 111 280 36 412 126 370 35 424 423 26 202 164 30 107 368 379 262 296 109 264 334 277 92 46 212 435 168 64 300 307 78 311 101 11 206 91 252 254 27 330 194 405 102 434 132 381 305 189 450 315 349 69 422 23 383 350 267 186 257 153 281 269 395 185 367 229 265 408 283 175 120 222 319 301 28 266 88 106 183 416 200 294 201 288 449 373 299 335 130 97 5001 110 214 169 420 13 21 312 124 261 442 128 127 297 431 244 95 404 443 219 63 90
Case #53: Yes
200 4999 389 479 21 224 138 383 26 456 328 56 125 70 376 78 4998 247 289 143 4997 151 288 183 308 31 4996 373 96 4995 385 30 400 4994 4993 489 206 4992 4991 4990 465 4989 4988 345 449 5011 351 155 381 139 416 4987 4986 4985 340 370 66 4984 5013 343 80 192 4983 264 173 237 41 4982 2 284 484 19 303 374 4981 75 156 292 4980 458 49 349 167 98 111 212 109 4979 196 4978 467 95 40 341 427 471 214 477 195 4977 42 431 193 457 414 211 4976 262 4975 494 226 160 234 5019 324 229 140 4974 4973 124 37 4972 429 463 346 29 5008 5012 172 476 137 67 239 4971 5016 222 182 5017 5021 260 168 325 4970 5023 495 5003 492 4969 382 309 4968 25 225 298 43 205 4967 220 54 68 45 412 74 293 126 28 50 191 352 33 422 99 5010 136 242 100 184 311 1 5025 338 279 5014 207 238 113 350 339 14 313 491 300 332 388 5018 112 450 5004 5006 390 5007 119 147 486 417 79 64 219 146 233 4966 204 285 5022 101 15 4965 459 5035 354 175 424 371 5030 295 5028 118 142 270 230 269 278 406 5031 176 5020 4964 5029 11 44 5001 472 5027 150 122 496 121 152 71 12 5033 375 4963 244 190 5034 451 426 423 161 248 4962 466 401 221 5026 5002 5024 108 5036 387 32 53 261 46 331 5015 369 359 123 372 5037 5005 462 493 5038 201 5032 235 327 490 5009 405 135 344 478 430 57
Case #54: Yes
4999 38 337 254 210 22 344 366 272 431 185 87 267 221 13 361 157 84 258 51 118 495 478 101 273 406 300 245 227 429 372 209 59 391 200 298 232 247 492 138 89 380 378 465 162 174 4998 239 242 456 262 50 458 238 70 307 144 166 474 148 266 308 189 358 433 500 234 341 11 54 493 368 179 4997 156 329 155 363 411 36 17 294 470 24 400 367 328 136 5002 9 128 160 7 241 202 293 145 201 371 477 114 306 74 1 394 303 277 442 490 228 2 86 8 37 383 384 261 451 381 178 265 346 403 133 415 231 56 171 226 219 357 280 318 90 454 97 395 106 204 170 31 35 397 129 58 257 402 365 483 104 340 163 211 498 438 487 353 83 10 6 73 27 208 304 5001 309 471 199 393 360 390 382 428 421 379 488 345 147 125 463 270 457 459 297 48 30 108 109 173 310 132 96 324 356 60 416 443 410 134 68 150 268 124 434 418 130 66 278 439 25 49 486 149 316 26 102 112 127 225 447 399 224 113 485 142 28 186 122 473 195 55 305 494 376 255 489 69 153 333 452 107 94 355 21 193 5 98 105 260 123 326 491 161 484 82 251 364 460 302 271 23 222 196 279 137 347 453 192 252 57 436 203 5003 408 430 218 92 67 466 385 32 291 350 143 450 496 85 401 20 387 435 362 180 389 288 323 462
Case #55: Yes
169 255 157 190 145 98 355 291 329 317 4999 4998 67 286 331 7 326 298 5003 258 323 220 325 287 386 422 472 442 414 59 5004 5005 5006 297 270 5007 102 188 73 376 4994 310 114 197 154 238 87 109 353 395 458 144 236 161 473 273 350 160 217 138 71 5008 79 5002 352 70 184 256 281 275 252 47 475 121 97 105 5009 162 221 164 106 254 35 447 196 5010 444 133 413 274 5011 314 192 4988 409 223 11 300 424 306 25 80 259 50 8 147 408 5012 328 309 428 183 77 10 5013 213 57 4996 172 479 397 143 340 33 4993 132 4990 48 99 264 278 89 4985 4984 165 430 135 4987 4997 429 4983 283 216 371 4986 349 170 222 4982 277 299 339 312 253 235 362 266 396 91 13 5018 453 348 464 257 385 24 452 271 76 394 440 45 155 364 85 284 324 159 146 441 469 14 182 200 4981 4989 294 44 462 463 400 375 53 63 4992 101 4995 54 224 64 21 356 347 335 445 148 212 381 446 4980 372 19 46 110 4979 402 16 219 230 468 239 341 272 260 365 82 5020 332 461 363 166 43 113 336 478 438 171 122 3 229 244 29 49 93 303 313 5021 382 423 5015 142 443 124 431 389 126 268 94 4 427 69 60 269 5001 28 471 5014 234 125 459 5019 401 141 4978 187 5022 136 321 139 4991 198 5017 388 199 342 181 15 246 5016 240 315 434
Case #56: Yes
221 132 431 403 89 429 271 20 424 46 145 161 230 498 439 47 262 209 445 457 388 443 4999 19 40 255 293 200 4998 367 489 82 3 101 202 417 141 328 97 272 438 18 36 7 478 289 379 4997 292 301 4996 493 377 74 474 462 483 155 356 4995 87 396 342 4994 397 257 343 416 244 177 442 350 103 364 29 303 268 352 48 5001 380 4993 60 121 99 360 35 5008 277 5009 436 150 454 70 5010 243 323 482 5011 494 208 137 426 100 84 162 386 357 195 130 253 138 199 21 322 366 4991 5012 37 285 222 5013 91 5005 13 105 365 280 4989 490 389 134 252 249 451 435 57 154 59 446 23 5006 318 250 296 124 5014 194 267 475 421 4985 213 178 278 407 458 61 430 4984 4983 8 27 5017 392 5007 4982 412 311 372 5002 317 193 38 148 207 327 229 83 41 411 373 433 86 236 43 98 153 245 441 248 4981 24 383 376 15 175 402 158 5004 136 263 477 76 256 325 312 58 85 488 107 109 5018 378 49 4980 140 169 497 4979 346 282 110 170 184 14 290 5015 487 172 351 237 384 212 4987 16 112 281 473 266 345 167 119 4990 291 125 5019 75 157 284 242 174 408 79 90 5021 4988 321 4992 2 192 80 5003 149 496 173 361 4978 5016 362 295 113 463 273 71 427 241 5020 42 4986 4 324 432 185 375 5022 393
Case #57: Yes
81 273 221 45 383 158 384 258 220 299 298 159 356 275 274 246 157 202 357 216 262 358 245 46 247 365 201 363 377 80 215 382 143
Case #58: Yes
396 226 176 215 4999 355 77 144 436 482 7 222 78 359 4998 410 256 357 65 397 369 475 4997 5004 285 97 5005 252 5001 297 302 6 206 485 5003 471 161 399 30 464 35 268 492 5006 374 166 66 71 5007 360 239 21 490 337 5008 137 5009 5010 376 242 5011 211 5012 496 308 401 138 5013 5002 240 345 193 5014 368 72 274 217 131 151 5015 4992 465 129 36 230 412 55 4985 497 327 152 5016 5017 5018 169 263 4983 380 42 333 158 267 116 470 289 264 234 312 330 127 4991 4980 170 4979 53 37 192 4982 228 2 460 4978 4977 418 349 4976 4975 9 221 126 4974 429 76 216 476 463 185 265 400 322 187 488 83 203 332 4973 135 34 472 74 5028 254 5027 189 210 348 29 41 329 4972 233 58 416 415 5029 395 4987 411 5021 232 5030 62 207 5031 20 8 4993 5024 5032 437 5033 17 421 493 255 61 133 404 331 462 98 430 10 5023 219 4967 409 320 4996 283 5034 5035 140 4988 259 353 354 3 202 290 229 5020 4981 4990 70 245 4969 4984 303 489 5025 4970 262 235 398 188 379 18 375 328 441 128 321 286 190 14 4986 184 319 59 4971 180 114 134 85 54 82 204 260 358 4994 336 292 273 5036 99 145 165 484 231 247 132 115 141 417 284 253 420 4966 4963 5026 96 352 341 4989 4965 31 60 487 393 4968 73 293 486 5022 298 75 246 4995 403 4964 81 243 11 57 117 442 5019
Case #59: Yes
1 2 10 9 20 21
Case #60: Yes
2 3 1 6 4 5
Case #61: Yes
82 425 4999 374 22 32 336 395 268 342 141 414 4998 409 246 321 4997 41 217 11 430 5001 186 49 9 58 153 56 309 173 458 201 46 260 429 10 469 93 311 62 205 4996 310 12 418 189 36 251 337 471 218 443 170 4995 341 164 99 115 274 5006 303 161 361 91 100 4993 187 157 282 362 281 21 243 460 210 363 369 447 5007 172 90 166 335 472 14 5008 348 396 286 323 116 4990 197 439 74 283 376 5010 61 4989 118 285 250 5 463 122 289 457 206 5002 308 297 4988 244 224 229 238 256 338 331 452 177 368 259 4987 124 473 370 149 407 456 154 60 438 417 343 1 253 145 50 392 349 411 188 108 221 345 271 4986 5005 79 416 18 373 214 450 34 167 179 37 193 320 47 15 148 467 4985 146 5011 168 220 152 413 290 451 400 464 130 329 401 257 162 269 43 358 28 4984 352 424 199 4983 252 109 192 39 461 248 30 213 415 131 5016 403 459 404 364 5013 92 86 322 83 328 227 420 57 151 4982 176 123 371 44 431 19 5015 315 239 280 202 270 63 408 4991 314 121 45 42 125 180 20 465 13 356 178 223 120 5017 209 59 204 228 17 476 85 477 4981 212 33 4992 470 359 391 354 137 27 156 5003 448 324 432 75 196 296 117 160 302 273 332 5012 5019 444 275 360 5014 5004 344 5018 77 357 242 245 421 200 163 433 16 5009 4994
Case #62: Yes
169 209 234 4999 69 293 301 102 210 22 243 188 213 89 217 272 173 4998 4997 29 64 302 9 4996 44 21 255 94 4995 35 67 276 183 13 149 4994 56 115 151 19 4993 159 235 10 63 203 193 14 4992 4991 212 165 131 4990 16 224 4989 3 38 83 214 4988 283 33 78 6 252 194 28 86 50 128 202 239 143 162 273 34 215 23 134 161 104 36 85 17 5002 185 260 271 4987 125 160 263 180 282 158 150 146 240 4986 81 2 4985 304 5004 90 145 55 4984 4983 216 99 4982 70 270 45 42 26 294 303 305 284 127 20 4981 275 126 175 25 5006 268 4980 18 53 164 24 11 51 219 236 208 132 186 266 4979 163 262 230 49 54 244 246 4978 192 30 157 140 57 97 264 113 5 139 251 1 182 105 5020 4977 153 65 4976 103 5012 4975 4974 116 247 177 5008 5017 40 114 129 245 119 265 144 5025 58 123 5023 5021 100 82 195 95 108 225 130 232 298 4973 5007 154 27 285 61 200 223 4972 41 277 218 5019 98 74 5014 267 124 4 87 248 118 5013 5001 4971 261 106 135 184 198 5003 62 176 77 300 88 5010 121 75 137 111 181 286 5022 155 5011 110 288 32 5029 31 269 66 7 8 199 5024 221 84 187 168 5009 15 109 174 39 5018 254 5028 172 122 5005 37 48 220 101 136 152 5016 231 68 299 52 222 5015 5026 211 197 233 189 47 274 289 229 148 287 5027
Case #63: Yes
7 2 9 10 16 19 21
Case #64: Yes
4999 4998 4997 4996 4995 4994 4993 301 4992 4991 4990 4989 4988 4987 4986 4985 4984 4983 4982 4981 4980 4979 4978 5006 5005 4977 4976 4975 4974 4973 4972 5015 4971 4970 5026 4969 4968 4967 5030 4966 4965 4964 4963 4962 4961 4960 4959 4958 4957 4956 4955 4954 4953 4952 4951 4950 4949 4948 4947 5022 4946 4945 5042 5007 4944 4943 5003 5052 5008 4942 4941 4940 302 4939 5023 4938 4937 4936 4935 5004 4934 4933 4932 4931 5059 5037 5064 4930 5017 4929 5045 4928 4927 4926 4925 4924 5069 4923 4922 5049 5044 4921 4920 4919 4918 4917 4916 5031 4915 4914 4913 5065 4912 4911 4910 4909 4908 5083 5046 4907 4906 4905 5067 5085 4904 4903 4902 5072 5081 4901 4900 5074 5086 5018 5057 5062 4899 5073 4898 5084 4897 4896 5060 4895 4894 5105 4893 4892 4891 5002 5078 5024 5082 5101 4890 5061 5068 4889 5104 4888 4887 500 5036 5010 4886 4885 4884 4883 5012 4882 4881 4880 5108 5041 4879 5115 4878 5103 4877 4876 4875 5098 4874 5117 4873 5001 4872 5075 5087 5063 5019 5058 5123 5116 5100 5039 4871 5032 4870 4869 5020 5124 5089 4868 5131 5033 4867 5129 5093 5014 4866 5127 4865 5038 5121 5099 4864 5043 5071 4863 5126 5080 5110 5025 5016 5034 5070 5055 5133 5118 5125 4862 5137 5091 5138 5079 5095 4861 4860 4859 5106 4858 5047 5077 5112 5114 4857 5029 5056 5130 5113 5027 5109 5134 5051 5111 5013 5096 5050 5122 5107 4856 5048 5076 5132 4855 5011 5088 5090 4854 5092 5140 4853 5040 5035 5094 5053 5135 5143 5119 5144 5009 5028 5147 5054 5136 5141 5142 5102 5145 5120 5021 5146 5066 4852 5148 5139 5097 5128
Case #65: Yes
417 114 132 4999 273 356 255 5002 171 47 259 5003 28 126 443 46 163 459 5004 32 64 5005 8 4996 197 63 139 280 31 458 116 5006 397 41 370 5007 425 451 348 299 5008 225 422 5009 335 354 83 496 473 54 431 213 495 30 5010 402 437 481 265 9 183 5011 5012 4990 5013 4989 40 438 5014 10 241 195 447 173 5015 97 4985 315 452 5016 56 258 460 202 204 383 244 3 5017 131 436 88 125 358 19 309 199 151 82 416 21 194 471 110 344 366 287 4993 254 5018 91 86 5019 5020 4992 360 382 405 231 484 5001 5021 5022 187 42 104 5023 328 304 217 424 205 90 376 190 266 75 369 4979 96 50 396 148 423 413 234 4977 5024 4978 188 162 283 149 384 5025 433 210 224 262 203 144 5026 4997 60 472 4988 212 441 359 5027 222 5028 74 497 5029 4995 404 218 14 482 398 352 58 308 121 4980 223 95 314 128 4981 349 330 119 150 106 4970 393 380 5030 449 488 179 329 214 476 209 52 4984 379 346 5031 305 274 130 264 256 59 207 432 198 5032 487 353 147 320 4986 13 365 232 118 454 4987 286 189 282 215 216 4971 351 5033 486 4973 412 184 4982 355 318 115 448 281 53 4994 4967 143 307 117 4974 477 178 4975 111 206 461 399 343 394 347 105 439 4969 51 4972 406 261 333 98 120 78 235 4983 233 4966 4 4991 378 136 362 80 137 4998 4968 79 81 4976 361 440 300 138 446
Case #66: Yes
368 333 6 363 308 150 189 154 41 124 198 380 318 9 204 336 291 330 331 286 4999 114 221 49 383 28 4 274 89 324 320 197 371 301 273 249 30 12 82 284 78 304 290 387 143 345 332 211 374 128 3 247 268 367 129 35 377 120 42 254 186 156 17 164 265 51 243 108 102 181 63 238 352 52 239 5 65 359 58 168 139 225 64 86 11 59 75 190 246 206 4998 297 337 4997 343 226 218 200 4996 4995 57 179 269 104 165 335 341 300 117 4994 375 148 222 298 178 31 232 4993 382 167 145 223 227 224 353 113 235 138 385 314 313 296 216 81 44 5005 381 311 340 378 74 96 342 259 109 149 251 234 229 5003 133 351 55 135 34 360 66 215 312 350 5007 287 177 16 88 159 54 275 191 317 244 50 56 91 280 252 111 245 71 323 126 105 20 292 347 4992 256 127 299 326 276 90 19 365 257 101 373 258 329 29 305 92 22 4991 141 4990 366 15 5001 207 121 182 97 132 118 1 369 281 370 95 130 152 205 372 361 334 125 384 40 386 46 183 233 5002 79 123 271 316 201 293 112 278 277 344 262 376 217 303 134 188 4989 306 339 61 5006 146 270 302 5009 84 77 228 5004 85 241 230 48 180 267 115 160 5010 99 2 288 166 250 119 5008 248 140 157 255 192 364 175 172 171 83 62 5011 261 264 10 73 283 325 93 136 212
Case #67: Yes
4999 5001 4998 5002 4997 5003 4996 5004 4995 5005 4994 5006 4993 5007 4992 5008 4991 5009 4990 5010 4989 5011 4988 5012 4987 5013 4986 5014 4985 5015 4984 5016 4983 5017 4982 5018 4981 5019 4980 5020 4979 5021 4978 5022 4977 5023 4976 5024 4975 5025 4974 5026 4973 5027 4972 5028 4971 5029 4970 5030 4969 5031 4968 5032 4967 5033 4966 5034 4965 5035 4964 5036 4963 5037 4962 5038 4961 5039 4960 5040 4959 5041 4958 5042 4957 5043 4956 5044 4955 5045 4954 5046 4953 5047 4952 5048 4951 5049 4950 5050 4949 5051 4948 5052 4947 5053 4946 5054 4945 5055 4944 5056 4943 5057 4942 5058 4941 5059 4940 5060 4939 5061 4938 5062 4937 5063 4936 5064 4935 5065 4934 5066 4933 5067 4932 5068 4931 5069 4930 5070 4929 5071 4928 5072 4927 5073 4926 5074 4925 5075 4924 5076 4923 5077 4922 5078 4921 5079 4920 5080 4919 5081 4918 5082 4917 5083 4916 5084 4915 5085 4914 5086 4913 5087 4912 5088 4911 5089 4910 5090 4909 5091 4908 5092 4907 5093 4906 5094 4905 5095 4904 5096 4903 5097 4902 5098 4901 5099 4900 5100 4899 5101 4898 5102 4897 5103 4896 5104 4895 5105 4894 5106 4893 5107 4892 5108 4891 5109 4890 5110 4889 5111 4888 5112 4887 5113 4886 5114 4885 5115 4884 5116 4883 5117 4882 5118 4881 5119 4880 5120 4879 5121 4878 5122 4877 5123 4876 5124 4875 5125 4874 5126 4873 5127 4872 5128 4871 5129 4870 5130 4869 5131 4868 5132 4867 5133 4866 5134 4865 5135 4864 5136 4863 5137 4862 5138 4861 5139 4860 5140 4859 5141 4858 5142 4857 5143 4856 5144 4855 5145 4854 5146 4853 5147 4852 5148 4851 5149 4850
Case #68: Yes
442 187 213 200 285 344 286 39 455 225 121 123 277 448 104 479 399 109 299 4999 473 74 4998 439 303 150 124 388 263 251 360 300 143 38 86 377 61 8 4997 239 337 4996 222 400 282 198 4995 274 498 317 9 328 298 5001 476 245 340 262 278 3 471 77 411 404 254 165 137 386 209 306 52 248 97 320 5005 78 189 362 309 235 417 458 423 459 436 367 133 145 183 346 116 62 4994 162 48 4993 301 297 4992 406 188 161 495 336 265 58 499 478 4991 347 275 500 319 475 409 93 100 414 5006 485 402 59 293 49 447 206 373 368 71 236 4990 412 126 4989 418 5003 329 361 339 253 464 294 4988 405 242 125 142 413 4987 352 205 307 305 191 5008 311 284 201 5002 11 378 113 5009 461 171 98 5011 208 172 5012 67 218 267 134 474 210 283 214 237 435 398 444 1 42 14 487 314 65 144 369 316 467 163 115 456 351 107 207 37 424 184 176 380 250 99 425 70 196 356 82 350 79 389 266 141 353 5 5010 383 105 158 482 128 281 75 363 94 392 5004 166 381 249 325 348 468 370 256 457 110 472 73 95 390 199 338 494 391 446 324 202 5013 41 76 481 496 280 55 151 438 374 477 81 279 129 234 10 25 192 140 221 169 486 195 157 410 215 217 5007 240 355 87 186 170 15 146 112 226 434 437 108 216 264 401 315 212 480 56 258 24 197
Case #69: Yes
192 159 233 297 88 4999 137 240 391 4998 4997 114 4996 364 379 4995 357 200 424 353 4994 410 15 4993 4992 130 342 4991 229 89 22 422 286 61 382 60 4990 287 347 395 205 243 172 5007 4989 396 4988 126 420 4987 283 4986 387 345 23 5010 3 4985 273 236 421 4984 122 63 4983 372 4982 155 5013 212 160 349 4981 59 5015 150 109 340 278 151 5012 81 255 138 100 238 112 90 282 5020 92 5021 27 167 9 5018 294 285 189 5008 414 293 284 5022 5023 123 174 67 5024 371 5025 252 4976 253 5009 292 31 388 222 232 350 279 344 291 318 380 158 121 326 376 317 319 408 101 4974 271 244 38 5026 35 5002 249 385 274 188 331 365 211 393 161 5027 383 5028 4977 30 5029 375 225 311 5014 5030 307 5031 111 104 74 5032 251 7 209 190 4967 4978 226 4971 5033 173 10 5034 5003 154 419 5035 108 80 36 329 116 193 352 20 397 5036 191 5001 288 171 5019 95 64 68 373 390 256 223 254 82 235 4964 257 28 356 58 5037 4962 398 120 5038 153 394 206 4970 6 176 5004 213 423 348 330 296 127 177 5006 4963 392 355 152 312 4968 194 204 389 207 250 359 4980 187 73 308 37 5 239 124 363 5016 4975 4979 168 4 103 214 4966 248 406 386 5039 5011 327 51 125 4972 208 199 272 115 50 316 4973 241 25 19 231 413 4969 16 186 5005 341 411 215 4965 5017 93 131 4960 4961 366 5040 24 87
Case #70: Yes
352 229 49 387 324 249 153 182 4999 176 405 5002 5003 341 281 98 344 5004 414 128 178 77 215 152 415 382 72 136 255 66 354 120 242 86 323 50 169 222 42 345 5005 168 448 289 22 309 3 25 270 326 322 7 217 172 21 411 34 283 297 37 5006 69 38 340 376 335 315 332 189 321 254 74 271 141 5007 212 149 392 379 11 132 121 330 138 366 296 236 122 173 437 184 5008 209 377 108 246 304 421 248 257 76 160 278 433 159 5009 227 106 124 32 99 179 327 360 389 4991 125 5001 290 148 420 388 43 346 403 203 201 305 422 223 5010 87 338 82 445 126 191 4993 406 361 300 198 5011 235 175 431 155 356 137 116 4994 391 4998 413 107 294 355 135 55 226 5012 444 402 336 24 146 211 196 113 398 351 31 36 374 417 435 386 183 259 216 383 262 123 156 4996 73 302 353 233 30 301 111 426 384 70 54 4988 393 166 5013 373 394 314 210 117 4989 9 404 5 221 250 62 97 230 4986 310 245 4995 234 400 334 100 284 280 130 200 142 119 4987 380 4992 401 13 369 5014 188 224 241 60 432 347 272 81 418 90 4997 370 67 447 19 399 85 225 329 12 368 129 6 180 287 232 436 10 127 357 20 79 91 4990 4985 174 244 202 92 277 358 288 385 371 167 261 286 367 114 328 185 147 84 337 331 186 133 381 192 320 425 339 58
Case #71: Yes
409 4999 306 101 191 194 245 279 8 355 388 1 208 29 200 253 4998 387 176 365 217 4997 224 42 27 100 220 339 315 313 357 316 86 179 326 398 119 177 57 416 262 239 403 49 291 30 256 379 112 418 79 61 166 72 134 83 21 41 394 190 213 4996 5004 170 15 267 19 363 144 246 374 419 162 4 67 95 304 69 5002 397 102 354 26 78 3 185 129 292 369 60 92 39 4995 362 138 104 323 141 366 5005 38 58 146 273 88 63 126 6 299 219 240 96 128 214 382 261 82 406 235 105 66 318 276 168 301 376 80 32 111 171 250 205 302 14 283 284 157 216 420 377 75 167 303 156 137 286 5006 411 106 206 62 275 51 351 47 5007 281 4992 28 115 236 20 209 33 43 97 87 364 143 405 310 305 135 234 9 165 390 259 314 145 252 330 37 298 404 243 309 76 328 226 173 5001 5003 319 109 349 31 89 149 64 215 151 127 5008 118 110 278 91 193 408 424 117 350 201 163 4993 94 65 84 264 280 184 294 237 417 68 4991 346 40 345 186 249 378 18 212 120 293 296 150 233 383 341 172 312 325 50 412 334 192 4994 5 48 161 187 81 180 142 367 98 152 107 370 36 5009 340 71 248 22 242 422 247 290 361 238 360 358 402 352 155 423 46 274 311 4990 263 174 317 308 204 257 90 410 385 2 266 391
Case #72: Yes
365 257 383 377 4999 334 97 293 246 206 32 391 70 196 250 401 113 436 211 66 288 463 35 381 397 262 77 303 490 333 405 119 464 60 99 282 433 111 472 478 86 480 423 469 266 84 44 421 263 76 186 17 110 430 175 479 178 290 417 154 443 323 434 256 318 87 171 450 455 83 404 265 219 105 373 418 356 74 378 419 215 190 153 294 357 4998 224 387 271 414 214 248 395 164 2 79 93 191 492 287 346 52 281 197 189 174 118 374 415 115 402 325 12 268 313 272 316 227 221 57 460 106 366 4997 354 407 53 355 458 413 416 368 47 142 360 376 37 36 385 112 408 394 420 23 116 69 208 487 454 225 379 390 370 331 128 136 457 149 424 205 398 159 367 337 283 462 33 92 9 182 467 322 82 192 343 49 486 389 280 328 216 90 342 218 279 231 359 94 388 358 489 371 16 59 426 422 48 295 141 300 132 352 5002 95 220 242 477 317 476 315 232 311 439 46 438 114 494 20 148 42 143 425 437 273 213 104 75 497 309 350 64 446 58 473 129 193 96 396 329 156 147 5003 14 289 255 5001 21 384 488 399 491 432 259 135 203 260 131 274 296 481 445 80 61 163 456 410 475 62 38 172 411 278 1 429 188 441 144 243 362 258 314 78 326 496 319 89 43 19 338 13 207 103 173 241 444 249 140 179 226 187
Case #73: Yes
4999 5002 4996 5005 4993 5008 4990 5011 4987 5014 4984 5017 4981 5020 4978 5023 4975 5026 4972 5029 4969 5032 4966 5035 5007 4963 5038 4960 5041 4957 5028 5044 4954 5022 5047 4951 5050 4948 5052 4979 4958 5053 4945 5056 4942 4992 5059 4939 5062 4936 4961 5065 4933 4949 5068 4930 5071 4927 5074 4924 5077 4921 5080 4918 5034 5083 4931 5058 4915 4982 4947 5086 4912 4985 5070 4991 5089 5039 5015 4909 5092 4906 5095 4903 5098 5085 4977 4946 4900 5088 5064 5101 4973 4897 4940 5046 5031 5104 4894 5107 4891 5110 4997 5094 5040 4888 5113 5025 4988 4885 4967 5010 5116 4901 4882 5016 5012 4989 4883 5054 5119 4895 4905 5069 5018 4879 4959 5091 5122 4876 5125 4911 4873 5061 5128 5124 5099 5082 4994 4970 5109 5019 4937 4943 4870 5131 4867 5134 4952 4964 4871 5067 5073 4976 4864 4938 4955 4929 4968 5112 4922 5097 5003 4902 5137 5057 5100 5030 4861 5105 4877 4890 5049 5033 5013 4862 5024 4928 4916 5055 5140 5118 5103 5138 4858 5121 4986 5051 5127 4868 4919 4859 5136 4941 5060 4898 4913 5021 4889 5132 4880 5045 4878 5079 5102 5111 4907 5143 4925 5130 5076 4899 5009 4881 4944 5072 4887 4869 5078 5120 5133 4874 5115 5048 4886 4855 4892 4884 5146 4865 5106 4934 4950 4914 4908 4852 5135 4974 4920 5081 5139 5084 4983 5123 4893 4853 4904 5126 4910 5075 5148 4923 4875 4953 4980 5149 4856 5006 5142 5114 4935 4926 4932 5129 4850 4866 5145 5141 4854 5093 5036 5004 4917 5043 5042 5037 4896 4851 5144 5096 4872 5001 4863 4971 5117 4860 5150 5108 5090 5027 5063 4995 5087 4857 4962 5147 5066 4998 4965 4956
Case #74: Yes
74 360 343 226 236 6 355 130 133 141 148 35 190 13 24 341 52 78 86 76 58 126 358 234 282 131 4999 255 127 7 332 344 134 168 84 301 249 170 309 82 262 288 196 175 353 322 270 359 50 280 363 228 68 209 155 151 206 279 369 197 17 334 338 153 4 227 321 229 112 63 62 94 107 54 75 32 298 4998 251 205 246 354 345 211 184 244 367 212 117 277 119 124 260 210 241 144 41 33 290 167 292 90 352 149 172 199 250 316 98 225 263 11 116 286 268 159 44 100 147 99 73 3 207 178 40 23 331 278 265 202 198 109 5001 59 326 138 362 154 203 158 4997 53 69 142 347 291 2 46 271 231 348 329 132 300 165 307 213 287 102 110 15 281 85 181 125 232 219 325 81 96 65 95 220 264 103 30 114 31 5002 276 233 143 49 315 333 10 266 39 323 104 285 176 188 305 92 177 340 28 284 365 27 166 372 186 171 1 259 115 221 139 163 160 257 120 162 135 274 93 324 38 215 311 248 337 129 294 189 60 200 71 91 351 182 45 34 146 267 14 320 304 179 239 48 295 70 310 79 57 8 223 61 152 254 5003 336 204 242 37 273 366 25 43 312 194 187 89 128 308 150 293 87 230 339 342 55 335 121 224 137 51 5 289 12 299 247 136 261 77 243 66 108 174 216 373 111
Case #75: Yes
4999 238 29 7 16 151 307 219 336 381 38 27 198 4998 4997 5004 229 413 5005 26 106 409 125 272 252 107 365 205 79 188 5001 163 418 232 264 36 20 211 98 130 339 40 8 298 46 187 101 5006 297 380 124 42 424 428 5007 304 404 4992 231 318 266 184 5008 281 415 92 5003 99 214 251 77 234 280 4996 273 164 5009 5010 23 22 292 154 356 58 316 199 86 221 148 150 64 247 377 408 422 12 191 312 322 210 326 200 373 294 62 119 70 197 375 194 335 347 52 183 165 49 4990 293 4993 108 61 267 85 305 11 55 5011 145 5012 439 434 433 367 285 118 444 371 114 397 334 96 146 54 286 34 31 57 203 314 95 265 56 133 438 5013 269 446 442 147 132 171 3 39 378 13 366 28 352 5014 379 362 384 416 230 410 295 386 59 6 4994 5015 5016 392 215 4987 159 4995 426 374 333 390 311 168 372 10 193 325 218 4986 376 120 158 340 152 346 405 315 419 202 105 354 240 429 76 296 387 166 4991 50 78 391 113 332 4983 91 255 423 357 142 233 4985 401 385 189 441 2 4988 60 279 192 370 321 246 299 24 33 268 100 4984 65 241 175 126 278 355 4989 45 353 313 337 195 359 5002 141 80 153 87 81 149 237 436 177 196 97 69 303 32 331 320 172 330 131 317 18 239 329 35 88 167 256 19 358 25 169 207 302 319 84 363
Case #76: Yes
460 481 233 322 325 472 4999 26 27 5001 489 217 154 46 459 98 4998 15 409 109 500 317 456 315 374 238 193 265 155 19 464 338 4997 394 160 370 280 4996 218 4995 222 208 396 122 230 326 79 213 5002 479 245 312 5004 4994 259 438 112 36 367 14 4993 386 4992 272 128 242 4991 4990 4989 275 143 278 307 305 4988 292 466 189 175 334 4987 4986 5015 445 379 35 53 5016 5009 5011 239 388 410 269 435 165 436 5017 417 450 4983 267 482 252 150 96 393 5018 5 47 80 101 129 430 291 486 313 4 5019 404 5006 5014 5013 369 5007 257 429 5012 399 5020 474 169 244 426 5021 99 371 5022 266 111 427 4984 5023 121 5010 52 214 56 448 159 392 372 380 97 137 335 416 5024 418 478 24 72 25 4978 62 256 176 357 253 206 64 17 387 444 480 356 391 4982 151 295 437 454 5008 130 231 74 184 499 273 276 433 401 323 13 73 5025 441 5026 434 336 4979 210 4985 395 241 319 443 384 123 194 136 142 94 188 318 453 2 168 195 447 183 419 279 400 458 5027 173 199 408 402 246 297 5003 483 87 308 192 16 170 366 4974 304 373 102 138 114 131 4975 12 270 4972 440 389 260 406 368 385 471 339 205 86 75 449 473 467 5005 465 4976 1 201 5028 172 405 40 4981 4977 4971 223 43 277 65 63 95 57 4980 4973 446
Case #77: Yes
498 499 500 501 502
Case #78: Yes
103 191 384 288 311 4999 272 4998 364 19 69 195 358 428 276 83 238 165 483 250 398 443 4997 116 437 28 349 343 271 11 471 5004 188 323 310 38 117 86 92 96 478 80 5005 409 445 4995 104 7 122 351 5006 263 258 314 449 424 334 337 289 179 369 5007 411 361 241 87 217 486 82 291 112 95 438 365 450 335 47 220 176 251 257 71 286 5008 72 4994 267 253 200 281 434 12 477 353 393 20 5009 468 182 5003 342 27 25 280 4992 49 140 433 264 41 154 500 56 53 402 460 149 5010 488 155 156 66 370 115 329 4991 461 432 282 39 5011 496 307 26 463 24 81 180 132 93 259 185 261 275 451 4993 150 79 127 171 375 417 4989 178 202 489 338 317 61 30 118 322 54 44 431 474 137 467 158 164 309 237 256 354 197 207 239 233 97 177 308 480 240 50 423 208 187 181 55 390 186 6 462 385 473 102 1 109 5012 426 397 347 21 31 36 98 312 5013 190 295 464 266 94 302 301 359 48 5 4986 16 196 57 74 444 2 119 265 201 46 108 120 35 40 294 5002 5014 105 91 89 340 4987 466 418 442 278 218 151 374 75 262 78 316 234 229 346 283 148 111 341 67 107 3 254 371 4988 328 121 138 386 29 350 228 336 416 99 37 472 440 166 141 172 126 167 290 469 441 125 4996 401 419 221 285 5001 60 4985 4990 425
Case #79: Yes
48 307 416 458 461 133 62 277 282 122 365 356 398 111 150 496 381 47 147 112 226 261 38 4999 5002 4996 33 393 353 118 155 392 216 342 4995 4994 271 408 4993 399 384 472 304 410 498 222 134 4997 139 4992 4991 172 4990 104 253 418 5007 4989 478 78 49 269 50 429 336 341 401 427 321 450 420 311 4988 144 44 453 97 323 4987 165 115 84 179 13 92 61 242 452 35 354 4986 457 75 432 5005 383 4985 454 290 114 4984 102 170 5010 4983 291 5001 397 5014 435 4982 236 414 428 331 4981 318 4980 4979 4978 400 305 214 456 52 5020 446 287 249 5009 4977 330 357 306 366 351 4976 469 262 486 241 4975 4974 34 415 178 167 430 272 4973 409 460 358 4972 359 5006 423 5025 4971 105 360 488 25 4970 184 5029 14 339 80 5028 6 146 4969 53 350 447 113 4968 263 7 455 235 5012 451 5011 4998 5026 5003 131 227 5024 463 270 483 119 464 5032 209 5013 375 424 5021 4967 5023 5031 86 4966 283 295 5017 5015 164 5018 116 482 98 5022 355 276 5 252 301 288 5030 332 266 248 419 312 391 326 294 168 106 8 4965 18 171 338 327 324 24 361 70 325 39 267 74 210 63 470 231 436 124 376 439 185 36 145 223 4964 154 5019 343 5034 462 382 140 149 5016 85 310 264 5004 303 5036 5035 5033 99 5027 17 4963 5008 5037 202 130 237 437 232 278 228 480 309 234 334 96 390 69 201 93
Case #80: Yes
151 69 4999 4998 259 169 201 4997 269 127 120 227 163 360 456 221 88 157 346 97 18 217 4996 147 20 4995 33 83 255 248 403 485 4994 60 370 21 366 426 397 113 68 47 4993 70 112 487 249 96 133 411 5008 317 5009 78 461 5004 4989 197 4988 326 398 219 262 386 337 71 260 8 58 4987 104 4986 52 331 106 206 415 358 145 350 429 252 224 388 189 5001 451 312 51 436 193 16 395 492 156 77 4985 483 242 73 5014 449 225 251 108 467 5016 170 444 469 220 422 2 109 289 379 280 428 284 139 5017 5018 105 48 234 479 192 4981 294 250 125 267 223 5007 146 384 378 138 464 92 66 155 128 5019 199 5011 226 181 307 372 282 167 491 131 427 439 387 164 435 407 216 273 57 140 34 321 61 100 1 188 268 393 392 4983 39 437 270 475 5015 357 137 373 283 5020 367 134 374 330 191 119 336 5012 349 4990 423 102 98 313 470 361 5021 290 275 149 174 476 123 152 382 85 207 184 369 412 54 416 195 129 87 406 472 179 401 462 5022 37 40 341 4978 166 383 292 5002 285 430 258 4992 347 246 344 446 408 4977 4980 296 266 362 5003 121 130 177 342 274 59 5010 473 306 459 82 316 4984 5006 333 5013 74 150 72 4982 458 53 455 394 375 38 343 243 215 256 245 9 180 4979 265 5005 371 122 238 154 198 84 208 332 247 4991 441 480 402 200
Case #81: Yes
273 104 267 110 461 404 259 148 264 313 25 18 285 191 496 222 414 167 192 277 415 106 315 4999 182 186 405 88 236 178 45 430 275 328 114 390 262 274 4998 309 177 384 24 195 439 373 4997 34 441 434 156 126 453 89 260 140 181 193 124 271 171 426 307 4996 219 427 11 4995 5002 362 157 4994 282 100 5005 194 5007 269 52 339 429 468 184 409 483 87 442 144 348 369 70 209 478 5008 68 163 129 123 375 454 499 250 47 4 452 119 154 98 74 254 326 210 162 83 353 494 283 402 491 212 216 5004 347 93 102 420 363 150 446 225 111 360 319 284 490 208 340 176 455 386 435 5009 168 304 69 142 397 172 92 240 311 433 159 344 5010 12 324 165 301 247 410 5011 39 4988 15 361 183 198 218 449 458 479 5012 335 371 141 26 65 13 261 412 459 333 90 5013 61 305 5003 217 175 105 4986 422 332 251 161 164 4992 130 4991 190 51 35 387 295 28 46 37 252 370 359 492 85 196 3 101 14 484 4987 214 322 63 5014 5001 270 408 220 460 4989 136 5006 470 31 81 308 495 153 493 316 489 41 223 120 342 224 296 135 4990 200 213 243 82 237 187 170 158 239 4993 32 395 4985 385 318 300 188 75 424 248 440 125 57 67 411 62 464 389 266 59 55 312 374 19 480 42 253 189 403 241 60 445 221 169 463 38 286 211 425 401 354 334
Case #82: Yes
213 432 169 1 4999 375 434 111 69 499 94 309 138 458 325 249 475 98 250 123 329 312 120 302 357 363 125 347 233 421 188 34 328 134 245 24 437 27 447 97 311 258 226 411 355 500 219 8 202 14 146 456 453 175 107 176 483 452 353 380 307 490 187 17 480 292 476 264 283 4998 4997 108 379 143 485 63 121 86 62 4996 209 5003 83 368 178 306 77 100 5 285 193 413 408 4995 4994 382 28 441 180 405 293 465 354 239 370 59 272 116 2 371 348 173 261 237 477 210 220 451 81 225 487 99 112 117 406 102 486 433 216 495 410 4993 275 4 5002 388 496 381 222 326 313 214 366 420 42 217 263 48 57 91 473 449 41 5001 284 342 137 191 60 197 212 4992 88 271 179 460 265 229 79 154 303 463 383 493 288 122 392 71 372 68 47 378 11 318 343 481 273 365 223 419 36 150 227 221 424 158 339 489 33 153 218 442 87 5008 4991 414 282 30 340 395 152 37 5005 6 174 183 142 484 185 70 15 211 105 159 132 141 7 184 5009 362 5004 19 76 198 472 373 319 492 168 128 162 425 384 10 58 20 5007 186 5006 72 124 387 450 101 93 106 262 459 436 385 157 67 49 89 205 133 243 294 438 401 260 255 367 324 104 234 259 461 377 423 201 4990 254 189 25 145 464 276 253 402 478 457 494 482 16 337 5010 109 310 161
Case #83: Yes
4999 229 4998 4997 4996 163 287 71 113 133 341 206 340 249 239 129 385 3 4995 4994 28 11 182 104 5002 190 214 89 266 176 4993 157 264 115 58 130 102 257 139 315 37 243 202 286 4992 362 233 46 300 4991 155 281 161 256 57 228 199 119 5009 180 15 4990 152 244 4989 265 331 124 4988 4987 400 347 205 195 4986 26 5001 393 339 125 61 247 4985 87 291 290 140 218 330 255 4984 24 132 356 29 25 1 4983 191 4982 171 299 391 196 118 319 209 4981 398 343 338 79 200 19 86 5008 4980 5011 159 271 396 388 5018 90 222 181 59 5019 293 4979 4 23 223 149 5015 402 283 217 131 4978 5012 5021 204 10 4977 236 4976 4975 278 211 112 114 270 250 366 232 410 412 392 40 168 296 4974 4973 4972 263 158 123 276 4971 373 310 183 284 111 4970 2 5006 154 292 285 289 194 5026 36 4969 316 5017 365 279 280 151 312 4968 342 5023 92 297 91 145 336 160 53 16 253 75 210 314 116 405 5007 5005 170 363 45 5032 172 403 317 5031 175 5028 127 207 346 213 18 390 5030 350 5022 349 275 313 282 32 238 5003 76 399 5025 121 372 5016 51 5010 237 5020 246 100 78 54 120 5014 20 5029 148 5024 179 169 50 177 367 368 144 302 411 5013 337 185 21 387 407 31 395 38 254 5027 320 406 5004 5 394 303 122 231 408 203 357 311 234 252 103 386 162 72 208
Case #84: Yes
456 53 168 217 197 390 36 4999 273 115 392 117 288 308 5001 332 379 483 496 351 130 400 178 248 375 295 87 444 411 233 122 133 68 286 12 394 69 192 297 224 95 294 210 82 4998 167 188 108 124 270 149 97 70 221 58 4997 141 80 230 269 363 445 152 59 368 486 162 327 261 4996 341 447 423 401 4995 33 114 5005 283 100 366 47 199 255 156 208 4994 442 15 500 324 18 389 31 5006 28 146 499 27 49 330 321 182 209 450 386 158 172 371 355 487 410 147 278 123 307 441 260 90 319 424 373 67 169 488 4993 432 103 138 39 256 474 20 431 391 48 305 461 125 104 166 175 200 358 249 446 81 193 73 140 204 328 309 335 383 161 484 214 56 380 77 348 96 364 112 336 385 30 458 237 338 107 4992 257 5004 4991 289 137 352 435 354 55 148 128 479 189 495 485 218 427 79 325 5007 191 369 25 322 5008 78 229 21 350 211 3 54 451 326 482 472 170 258 346 306 134 240 186 94 436 497 471 302 426 92 225 452 334 301 16 235 11 254 116 126 76 241 357 212 422 113 109 331 453 150 5 203 5002 251 74 57 5003 201 388 234 151 183 207 45 4 5009 6 377 395 285 174 99 378 398 34 131 184 157 433 382 238 298 387 86 244 478 250 477 443 143 119 475 337 253 323 284 339 139 220 460 277 223 281 173 19 144 374
Case #85: Yes
208 42 206 262 46 300 75 235 56 111 142 79 358 97 327 301 346 203 106 114 355 138 241 170 309 115 256 202 388 156 141 258 227 196 110 190 24 108 291 274 118 178 350 371 64 4999 120 154 147 1 343 36 161 352 332 122 394 176 68 250 259 192 20 99 229 8 33 5 9 182 93 297 317 205 357 107 6 94 22 364 49 318 280 130 267 243 139 400 144 330 197 135 252 2 162 88 91 331 199 245 278 266 213 29 67 128 62 123 222 319 313 5001 186 209 55 347 340 363 159 23 276 328 387 70 210 228 265 311 216 103 253 294 240 10 167 396 180 44 270 149 50 179 290 271 51 374 82 45 102 175 59 198 285 126 13 40 273 195 356 152 11 74 284 18 76 293 15 71 5002 298 80 310 344 174 109 131 389 226 246 87 283 3 28 370 148 247 314 322 223 26 63 339 260 398 360 72 4997 395 242 308 365 201 54 89 324 303 307 191 184 194 269 124 104 129 348 295 302 66 230 133 286 326 84 376 92 166 244 354 172 150 30 98 134 287 140 292 155 96 119 221 366 171 372 381 306 383 368 315 34 391 214 367 39 127 4998 238 254 211 151 236 188 43 160 163 277 113 25 282 264 338 187 323 375 386 251 183 231 90 379 390 345 61 47 31 168 263 380 78 382 14 378 60 5003 158 83 399 237 349 17 38
Case #86: Yes
221 48 265 494 122 257 314 380 94 66 306 191 4999 488 4998 45 9 475 325 413 381 329 8 190 271 4997 204 240 374 391 4996 223 182 4995 263 338 303 4994 5004 21 4993 97 4992 358 248 411 491 5005 5001 236 103 4991 305 183 277 226 432 300 396 232 4990 87 339 326 241 95 385 247 312 471 220 420 184 332 4989 333 244 492 483 437 293 166 5006 140 4988 139 403 328 167 150 478 215 254 46 228 383 468 4987 53 227 65 187 4986 406 160 289 379 393 395 123 243 84 266 107 5014 5009 230 214 29 373 225 394 37 4985 337 431 470 331 61 428 307 54 361 24 283 286 178 31 5003 253 489 357 402 93 294 127 57 382 285 134 143 235 366 5011 91 142 4984 284 5017 362 302 36 407 290 463 162 5016 5018 427 429 6 5 275 5015 5002 125 163 4981 58 377 392 120 231 469 159 355 13 33 459 89 500 476 256 260 51 301 121 164 4983 222 5012 133 5019 458 186 259 384 272 15 76 438 308 98 462 440 447 169 425 68 212 32 177 365 282 448 359 297 5007 151 419 30 78 246 486 5013 135 408 410 180 208 446 109 367 88 485 203 354 281 375 449 335 412 498 20 280 5010 477 262 5020 229 173 174 4982 330 124 85 4979 433 77 52 181 62 154 128 161 372 155 4980 482 441 158 496 83 152 219 105 23 495 67 47 493 81 168 5008 86 126 340
Case #87: Yes
24 410 239 378 491 13 235 429 108 4999 142 444 6 192 416 407 22 206 31 5002 70 477 423 419 392 19 316 28 284 397 148 8 346 406 136 450 412 176 267 60 415 134 5003 479 5004 29 147 73 171 80 84 175 475 184 295 257 4 247 307 500 205 4996 328 5005 325 54 285 449 389 89 237 5 55 157 288 5006 240 4993 4992 425 218 214 61 431 95 373 243 245 4991 281 215 160 207 225 434 4990 177 330 313 383 372 5010 79 474 4989 182 69 338 461 155 193 347 376 251 385 411 102 303 138 4988 329 5011 489 96 149 321 5001 216 4987 490 292 173 437 377 121 105 153 4994 246 178 33 436 197 221 339 364 202 395 164 7 144 129 454 222 194 181 180 151 463 272 470 315 4997 291 131 337 4986 4985 103 374 104 348 455 365 165 135 242 185 21 77 469 394 5014 280 5007 90 130 85 4984 150 48 351 266 341 143 4995 201 212 384 265 125 435 327 223 32 499 399 183 126 99 271 252 368 379 369 5013 462 200 35 116 133 420 428 317 154 326 5008 5015 484 5016 232 382 318 46 128 388 217 304 139 26 400 4998 98 156 457 71 305 137 478 20 94 353 354 294 350 219 421 413 342 424 443 340 16 51 456 83 5009 391 430 396 186 110 483 15 195 117 163 349 467 426 480 127 5012 320 2 140 196 72 254 468 213 174 269 27 203 52 76 306 241 170
Case #88: Yes
91 386 93 388 202 4999 208 139 111 38 5001 387 110 92 140 24 34 35 214 23
Case #89: Yes
433 51 73 215 413 102 4999 302 338 197 4998 4997 4996 268 134 145 70 432 372 4995 257 108 4994 45 357 431 186 319 4993 4992 4991 164 242 303 5006 285 153 87 4990 312 292 4989 400 239 270 391 395 170 160 112 5004 171 4988 218 4987 356 442 35 425 4986 47 309 4985 180 77 36 4984 34 4983 12 428 436 40 334 360 196 117 122 4982 18 23 19 314 405 4981 439 250 123 159 5013 388 162 396 46 418 384 50 279 342 208 261 4980 332 5021 333 154 419 271 185 5020 5022 4977 304 440 114 306 5023 366 349 221 5024 104 5025 4973 81 5027 15 78 447 441 100 107 5016 307 158 48 258 350 315 4975 236 82 130 97 88 124 4972 193 172 69 68 364 4971 91 412 399 446 146 203 5009 4 5018 260 220 31 294 240 42 424 337 251 4974 248 368 5001 5015 125 392 347 4979 343 414 4970 328 165 120 133 445 173 367 371 235 295 116 4969 192 72 5003 291 135 66 230 11 16 234 245 5008 331 438 377 267 305 352 4976 361 90 348 353 119 323 96 5005 4968 76 5012 404 310 113 387 4967 136 217 380 237 5017 5030 383 308 79 5010 246 4966 161 17 229 311 4978 3 182 209 5032 37 5011 5026 420 89 5007 4965 132 5033 363 55 5014 5031 378 5035 341 444 115 41 320 216 181 105 103 8 5029 284 5002 32 293 278 163 1 322 75 5019 329 5034 365 5028 56 330 344 7 22 430 204
Case #90: Yes
68 231 4999 4998 316 4997 97 248 4996 98 4995 197 313 39 4994 372 249 201 252 26 292 4993 89 4992 3 294 4991 235 4990 359 403 28 382 261 60 64 126 393 4989 107 336 305 87 47 257 4988 344 71 208 293 241 232 45 329 250 4987 140 132 5014 83 5013 42 5015 379 124 327 182 196 130 25 179 383 100 15 5016 373 6 81 52 357 5017 267 314 194 380 234 131 345 253 354 262 85 5001 217 386 298 5018 277 5019 330 245 4983 401 93 5020 297 280 356 79 101 18 5010 311 5021 203 133 394 116 121 102 367 321 224 5022 11 370 335 214 337 120 70 5023 19 361 246 5024 5025 88 7 326 5026 385 136 222 5012 4972 4971 4970 155 4978 4969 353 122 108 301 4985 4 302 295 276 390 4968 4967 195 315 75 137 92 153 200 123 398 141 402 216 171 127 5030 4966 308 251 5005 73 82 9 269 138 371 4965 5036 46 91 5035 312 4976 404 4973 5037 76 209 5029 187 48 61 10 4982 5032 117 230 366 211 176 400 221 110 4986 5034 259 5003 74 5038 360 4975 4984 170 237 105 281 309 53 4964 16 58 5002 338 2 4979 4963 4981 4974 150 268 242 5006 5011 213 296 346 5028 184 151 1 186 190 180 125 304 5 4980 12 65 343 256 4977 5004 5009 322 106 229 5039 5027 5033 5007 111 391 177 59 365 69 4962 5008 260 4960 202 4961 191 72 364 5031 384 156 27
Case #91: Yes
1 2 7 6 8
Case #92: Yes
51 4999 188 129 53 31 187 67 89 15 214 90 17 181 8 92 178 62 39 184 88 204 22 140 126 199 52 118 25 49 127 218 30 108 57 14 7 206 20 84 170 50 160 68 207 102 106 185 33 130 161 34 179 21 93 71 200 74 5001 203 38 54 142 123 211 213 169 83
Case #93: Yes
478 407 178 271 168 480 4999 330 90 96 141 499 19 88 45 150 462 449 56 44 411 4998 365 302 4997 417 179 198 351 490 400 412 99 426 48 270 360 34 327 4996 376 296 4995 315 8 249 83 337 236 309 4994 460 24 46 342 353 399 257 5006 362 145 1 47 4993 189 143 5005 324 89 282 453 226 356 372 4992 328 394 112 32 382 142 386 297 119 23 484 121 255 305 133 495 184 427 118 391 238 93 392 66 307 228 113 193 341 414 14 5002 204 493 373 281 158 153 344 425 323 295 447 288 126 18 357 475 349 10 159 264 212 378 338 459 206 37 293 5008 292 359 419 273 4991 424 354 383 258 5007 77 81 76 479 65 30 95 285 195 367 191 5004 408 199 497 71 180 161 237 416 4990 377 369 260 58 395 163 15 2 494 347 52 94 124 156 242 92 5001 319 486 439 352 17 256 420 86 217 436 104 275 101 132 485 3 55 413 154 60 325 140 333 149 361 224 406 98 225 487 239 320 4989 151 194 464 4988 432 491 230 402 197 7 371 188 35 336 5010 127 496 458 326 148 474 31 401 387 51 11 291 303 102 123 312 246 227 350 233 446 80 231 40 78 213 183 218 157 384 304 214 41 430 461 5012 5003 489 100 345 322 243 234 339 454 405 366 219 429 59 67 267 144 286 492 398 70 313 4 5009 375 160 346 247 57 16 196 5011 298
Case #94: Yes
4999 5001 4998 5002 4997
Case #95: Yes
422 125 264 30 73 31 393 4999 318 421 4 4998 356 175 361 444 398 21 4997 96 242 379 486 399 383 4996 388 104 5 228 336 29 100 199 365 227 276 296 232 92 217 240 17 294 165 127 320 352 239 382 429 56 48 355 259 75 367 249 84 103 4995 219 470 22 487 5006 364 76 182 19 448 122 5007 359 220 163 475 425 10 118 24 49 329 81 241 150 436 5008 35 5002 258 172 113 13 5009 126 197 55 27 363 5010 5011 20 5012 28 132 395 449 384 128 7 200 135 117 5013 215 82 462 116 5014 57 174 312 93 291 488 224 136 333 260 283 4992 335 124 311 414 309 349 285 225 154 4991 53 4990 434 321 252 167 95 233 279 435 188 284 88 391 416 4988 5015 374 354 5016 463 5001 149 326 481 313 269 430 4984 173 301 155 263 176 334 177 485 305 70 148 8 274 32 14 315 438 297 4993 453 115 348 196 394 451 210 495 221 373 137 483 139 423 327 5017 83 330 351 358 408 66 480 409 471 268 4987 307 59 308 138 445 476 317 387 236 183 9 181 62 101 147 133 319 4986 156 5005 235 2 467 63 65 189 216 328 246 494 286 245 250 295 397 265 278 4982 331 428 5018 256 54 292 164 484 4985 5019 4981 169 33 380 5020 4980 4994 5004 5003 198 468 23 185 396 195 11 375 209 90 4983 58 50 91 4979 353 111 4989 386 300 89 34 18
Case #96: Yes
4999 75 62 5001 41 55 339 185 183 268 4998 199 77 271 136 69 225 1 4997 30 213 56 350 131 4996 258 281 205 187 4995 13 165 276 181 115 4994 53 57 107 158 2 316 133 287 284 20 4993 197 224 4992 5004 18 275 218 326 4991 188 182 317 162 200 22 35 337 63 4990 38 4989 138 4988 84 127 237 64 4987 233 4986 228 61 60 4985 89 37 291 4984 145 109 4983 4982 4981 88 164 288 259 12 90 4980 110 174 286 193 278 234 178 58 98 17 4979 5006 4978 208 4977 5007 5014 229 272 303 116 244 5003 5020 5023 4976 5015 209 4975 4974 134 245 4973 5002 190 46 321 153 96 4972 261 5011 9 167 5005 269 198 83 132 5021 309 65 192 186 264 81 5025 34 5018 21 4971 97 79 249 149 4970 302 93 4969 335 68 227 214 4968 238 242 5027 148 6 4967 4966 123 47 112 39 180 150 4965 5032 113 5031 195 236 325 191 334 327 80 290 5017 154 5030 5029 304 76 184 207 266 5012 4964 36 5010 257 29 5024 19 241 308 267 159 239 95 300 5036 175 219 40 135 146 4963 156 320 328 91 282 139 230 126 4962 265 5037 340 292 67 16 279 338 189 140 5033 87 7 72 177 94 160 336 5035 137 166 108 260 5038 3 299 31 24 155 250 74 5026 28 147 5022 5028 78 73 163 341 23 5034 52 235 5009 301 349 5019 5008 5013 179 343 333 5016 15 247 8 122 196 216 70 324 248 285
Case #97: Yes
4 1 2 3 5
Case #98: Yes
42 60 231 472 115 425 485 82 217 180 94 167 395 282 192 3 140 389 24 333 49 227 443 152 145 72 35 122 278 252 250 257 359 324 317 12 186 462 158 420 430 371 409 80 299 210 360 381 283 52 23 460 319 74 17 310 133 287 289 271 350 440 483 201 87 263 138 56 418 325 91 339 98 411 84 191 108 391 103 47 338 68 131 194 376 494 4999 416 259 375 182 235 367 427 154 432 101 301 5002 423 208 30 458 468 28 187 378 107 273 478 168 335 100 51 264 345 224 470 188 340 212 10 280 334 161 266 383 355 297 238 488 245 4997 397 41 357 14 442 220 213 229 137 471 43 390 497 73 173 171 96 255 222 455 248 413 130 31 290 66 63 117 236 329 276 486 150 446 46 369 479 200 5001 169 126 473 241 294 119 394 354 469 270 441 170 206 429 19 453 444 179 124 159 109 89 240 203 5003 2 61 142 21 451 361 495 346 4998 385 143 70 4 318 311 315
Case #99: Yes
19 234 48 312 309 275 329 335 4999 357 265 276 419 334 50 310 175 356 336 491 325 12 4998 4997 196 244 300 339 484 54 248 350 23 178 243 32 278 47 415 183 156 311 162 33 220 194 296 424 44 411 101 418 215 2 237 223 479 70 467 245 338 14 36 473 71 416 145 39 361 66 112 64 279 189 442 238 251 363 13 139 74 476 174 324 288 218 116 448 214 284 382 207 20 179 494 199 35 254 277 242 60 319 155 4996 399 320 426 261 4995 38 326 5003 368 372 201 16 142 386 432 127 289 330 4994 118 138 351 94 123 385 219 264 117 132 303 187 360 1 226 208 283 136 5005 51 213 192 362 8 216 9 63 390 76 95 322 315 17 364 24 180 143 28 173 407 421 472 478 403 318 379 232 164 393 344 333 113 466 69 371 425 266 45 200 159 93 281 72 495 376 272 480 299 128 291 323 172 177 440 193 15 231 168 96 11 198 170 240 4993 490 331 451 133 295 27 406 161 271 224 348 4992 453 321 5004 5006 5002 239 437 365 10 205 317 434 5007 298 367 487 100 256 202 67 42 171 273 255 285 341 131 489 420 375 29 169 5001 191 43 447 485 57 374 439 430 186 5008 308 391 52 260 457 314 327 481 204 345 182 121 227 429 438 294 400 280 377 355 197 158 369 230 185 137 119 340 233 414 471 247 290 452
Case #100: Yes
340 367 405 446 106 109 222 300 256 238 96 43 257 276 444 339 34 134 443 469 45 80 387 204 168 46 81 223 237 158 454 133 205 468 445 103 362 8 236 275 295
Case #101: Yes
142 40 171 192 196 105 136 247 143 177 80 134 212 186 184 119 205 292 216 263 120 73 28 170 259 296 280 4999 131 16 110 124 82 86 22 126 25 76 135 253 224 7 5 101 141 232 89 47 33 59 276 83 187 243 99 130 270 244 116 57 159 92 114 67 273 95 230 1 58 66 174 84 269 37 21 288 151 41 43 201 64 198 236 156 5002 219 302 39 121 88 255 125 42 228 194 293 297 150 245 176 91 257 254 207 161 108 144 208 240 31 38 172 283 65 164 87 189 8 166 70 98 204 165 202 246 153 225 112 17 277 158 93 239 128 260 118 264 54 133 210 294 271 11 4997 152 178 272 20 227 113 15 111 148 179 46 51 132 180 140 231 248 256 96 181 30 175 223 45 284 162 262 56 2 285 29 123 35 103 13 5003 69 10 209 160 115 104 169 139 218 72 252 290 129 77 299 281 48 19 190 3 251 138 23 183 237 167 97 14 75 44 145 286 193 157 149 295 274 242 109 55 50 278 200 5001 282 226 90 49 100 241 238 275 61 188 185 81 79 34 211 122 168 182 127 68 102 173 24 298 71 155 195 154 94 53 191 199 6 106 258 197 18 32 265 229 60 12 250 235 52 213 279 74 289 146 62 147 222 214 220 203 4998 215 36 27 26 291 117 206 163 85 63 107 221 78 217 137 4 301 261 287
Case #102: Yes
3 4999 186 286 21 4998 276 4997 270 180 275 288 473 4996 480 414 191 299 458 250 128 404 4995 10 265 318 4994 252 22 243 50 259 4993 5001 397 386 4992 5003 126 88 401 4991 46 169 5009 435 495 336 467 4990 9 166 4989 451 221 73 68 385 143 302 4988 4987 67 301 149 4986 2 413 325 406 213 411 334 90 5015 66 379 396 34 279 5005 219 298 5012 231 5 402 440 5007 328 5016 5017 428 340 297 93 101 112 314 317 117 353 5014 229 5018 237 5013 230 481 5019 410 393 280 438 429 251 357 19 5004 5020 4985 144 258 346 5021 150 162 380 175 118 316 352 205 291 132 4984 273 456 123 313 225 424 173 212 244 4981 131 201 376 472 281 496 4980 262 5022 33 5023 4976 358 5024 253 271 425 5025 339 416 460 4982 294 5008 248 238 455 127 161 189 4977 300 305 498 439 203 242 405 163 448 6 5026 335 108 119 172 4974 5027 139 282 324 399 14 363 5028 5029 364 20 5011 103 267 91 211 85 449 303 351 347 394 5006 5030 433 5010 4979 247 266 277 70 462 4975 171 378 185 220 287 4971 226 4 195 459 106 228 129 382 107 326 206 178 468 327 4983 403 415 35 499 111 122 4973 333 4970 86 489 488 447 134 94 295 4972 51 434 436 65 165 4978 217 138 164 207 133 12 79 4969 306 176 45 78 452 398 192 89 23 148 5002 457 365 151 18 202 261
Case #103: Yes
4999 377 176 179 486 282 14 104 329 4998 396 284 32 57 461 366 5001 315 211 297 199 472 309 77 4997 82 357 349 414 283 439 440 225 395 4996 247 4995 228 4994 125 208 426 334 389 239 135 378 287 5004 457 328 302 5007 4991 4990 55 327 4989 487 473 425 5012 301 5013 36 129 106 5014 5015 133 110 172 427 207 5016 30 382 267 41 70 194 88 352 4987 4 406 12 73 325 175 5005 5017 381 408 229 5018 456 109 448 5011 210 63 94 132 398 186 5019 169 58 105 373 361 412 375 4992 5020 436 304 61 355 353 107 365 342 424 130 140 118 5002 5021 431 23 4982 423 310 451 374 430 127 358 188 113 399 206 479 193 5022 215 5023 146 410 450 139 51 205 311 257 405 4984 4981 429 4976 5024 5025 168 87 119 444 240 4978 295 422 6 216 38 25 483 62 5026 5027 369 165 363 384 71 159 272 92 320 5003 233 72 126 195 5028 5029 5006 312 232 437 390 9 4980 128 4975 224 93 264 265 15 4986 4993 198 56 160 485 286 322 347 316 145 299 5 314 262 356 64 438 4988 478 191 4977 471 5009 83 166 5030 28 4979 411 114 4972 4969 317 42 246 274 275 256 333 5010 5031 4973 74 449 5032 5033 273 244 78 476 368 305 346 89 407 4971 4985 345 34 415 147 52 258 178 4983 117 131 171 4970 4966 24 413 326 409 341 5008 243 443 296 261 4974 293 187 271 4968 245 463 11 4967
Case #104: Yes
80 305 357 264 4999 18 307 4998 332 254 301 86 426 23 471 253 411 285 88 59 90 4997 133 189 4996 243 4995 120 109 54 4994 40 321 389 269 373 396 3 4993 298 331 4992 282 338 340 217 377 222 169 4991 4990 4989 5 4988 322 366 162 8 46 68 4987 413 350 214 4986 258 81 43 119 5011 161 4985 9 108 134 204 5007 339 390 431 95 136 5010 4984 397 4983 367 4982 364 155 42 240 20 392 237 4981 94 4980 4979 96 180 128 5001 4978 374 4977 333 41 49 110 5020 4976 164 405 461 4975 329 382 238 5006 4974 466 250 172 283 5019 213 4973 393 349 239 265 455 368 5003 45 165 21 323 157 4972 341 353 5004 79 457 53 5029 308 122 4969 50 278 252 82 145 183 135 178 4968 4967 241 22 144 5032 395 4966 465 487 177 447 5012 372 173 197 227 5031 97 404 4970 5030 446 435 170 70 302 151 5016 203 153 263 326 4965 154 464 5021 228 5034 4964 184 5023 116 251 344 4963 325 190 5018 337 286 4962 383 304 245 5036 5002 488 201 483 5014 361 5015 462 25 319 152 127 83 266 15 143 156 5027 5028 277 296 179 5008 93 376 406 5017 363 259 16 132 191 472 342 5035 60 4971 220 5025 260 456 56 121 362 375 5013 5037 358 352 403 246 137 482 196 185 256 5033 4 31 343 5009 5005 30 5026 26 69 5022 39 268 200 218 257 434 4961 89 115 5024 5038 19 5039
Case #105: Yes
4999 5001 4998 10 6 2 3 5002 4997 11 12 13
