Case #1: Yes
493 2 3 422 208 372 5 172 258 46 6 133 321 7 298 342 9 499 410 360 481 254 416 10 141 80 282 419 12 13 173 411 16 11 55 399 429 490 362 369 465 211 317 17 331 20 432 21 23 351 364 24 130 96 56 347 264 322 26 461 126 50 27 25 30 265 160 31 121 262 68 32 462 33 442 94 34 36 357 391 252 37 39 275 381 40 380 417 288 102 58 41 63 293 232 42 35 355 76 43 47 14 48 401 112 237 312 145 220 49 329 261 51 472 233 52 15 100 57 383 438 171 8 421 59 119 61 129 18 138 144 64 306 54 485 302 463 111 151 128 65 66 72 286 146 67 69 374 215 60 255 161 289 53 70 482 375 299 71 176 450 353 294 73 356 354 323 315 270 74 197 217 350 117 358 75 77 413 78 303 79 249 166 164 251 19 85 82 313 83 379 86 87 89 92 93 22 272 174 95 333 335 134 150 487 97 154 227 90 231 449 278 98 157 455 479 170 337 99 103 4 236 104 447 287 88 62 105 106 452 263 346 378 219 84 273 436 464 300 393 319 235 267 114 38 107 395 467 124 109 110 1 113 185 115 386 118 437 123 108 460 242 120 122 125 127 131 139 222 132 29 135 371 91 136 352 285 325 244 147 495 260 137 276 101 440 140 142 448 28 229 334 44 81 116 328 45 382 214 365
Case #2: Yes
1 2 500 3 4
Case #3: Yes
192 2 3 5 121 321 6 131 7 97 8 299 9 51 362 196 10 12 58 13 11 14 154 175 361 172 330 50 100 18 261 224 256 22 266 185 269 73 103 168 123 309 23 181 27 28 29 178 98 32 195 377 30 17 31 356 33 348 267 35 369 36 37 38 39 40 26 21 159 41 149 42 78 308 340 249 217 44 302 46 56 297 47 151 25 112 48 331 105 296 49 143 314 106 265 277 52 53 124 339 210 116 250 120 234 367 63 368 57 189 381 161 351 59 60 208 201 260 335 396 93 61 16 62 64 65 66 275 226 67 34 153 135 324 174 179 68 355 284 69 209 244 236 71 72 74 75 371 76 77 290 104 54 156 363 365 79 80 43 81 391 231 358 19 70 360 55 225 304 82 83 194 20 95 45 84 85 216 125 1 281 207 87 86 350 88 89 394 90 118 349 145 91 376 15 184 127 92 94 136 370 96 177 99 101 102 213 171 186 24 190 115 4
Case #4: Yes
1 2 44 344 126 3 4 5 6 245 7 395 205 69 167 8 83 36 355 9 365 10 18 11
Case #5: Yes
108 100 152 83 1 351 5 11 338 7 329 191 270 8 157 306 250 245 151 214 63 193 10 66 14 271 256 350 15 206 300 17 20 342 195 9 134 231 22 4 288 99 264 335 164 24 266 345 26 27 73 207 3 348 78 324 28 107 31 36 40 210 42 43 44 45 307 162 46 145 76 48 50 72 259 218 39 52 53 227 33 102 57 258 61 319 156 125 184 2 298 62 121 51 190 68 213 65 56 67 74 75 179 239 64 284 82 320 242 85 87 126 88 205 90 305 18 89 147 130 91 71 141 122 92 178 327 289 93 123 226 176 98 217 321 124 35 101 188 317 109 197 240 144 110 113 115 163 177 94 228 290 79 117 118 347 114 120 97 128 187 129 153 352 314 84 25 131 106 180 200 254 132 133 208 21 135 326 223 269 6 95 136 215 265 339 86 296 249 137 103 138 140 312 29 238 283 116 143 142 146 244 148 299 154 105 155 349 211 49 333 169 127 13 243 158 32 159 331 104 165 343 261 38 34 234 166 16 167 55 198 96 160 168 171 172 54 173 251 174 294 119 309 241 23 70 175 170 59 181 58 182 69 185 60 186 41 311 30 161 341 12 189 194 262 196 149 246 255 199 201 203 235 209 297 77 204 212 268 183 80 81 192 47 216 150 139 37 19 219 267 220 112 221 202 315 111
Case #6: Yes
1 2 3
Case #7: Yes
2 1 4 3 5 9 6 10
Case #8: Yes
209 341 14 162 154 419 1 123 157 78 28 255 217 367 381 268 216 200 26 313 5 316 95 202 423 22 405 428 310 58 6 289 286 50 459 175 374 323 321 9 47 449 425 237 156 139 347 291 276 11 12 90 171 187 79 188 16 77 41 232 127 122 351 17 38 412 386 273 222 51 372 329 436 129 368 182 413 21 206 272 214 35 172 197 362 179 18 82 444 292 25 349 27 166 360 295 312 387 183 29 30 87 260 73 234 269 384 457 8 104 199 43 20 32 305 284 332 432 344 371 346 244 410 34 253 350 39 263 365 246 40 44 46 426 330 108 418 406 132 185 52 57 59 328 397 249 61 251 106 380 296 66 383 37 62 55 221 417 85 63 49 64 120 159 10 304 111 65 163 19 124 126 67 161 382 68 24 70 235 3 143 48 71 258 450 430 186 401 228 324 99 112 150 42 376 72 353 23 370 109 320 88 285 69 140 402 373 94 420 144 74 75 76 7 355 83 325 364 443 282 462 80 361 13 134 148 81 114 205 36 84 311 4 224 201 437 184 240 103 86 89 96 91 92 60 53 207 93 31 357 97 33 247 98 252 101 54 137 167 102 105 245 100 146 196 107 110 113 138 56 115 45 275 440 352 219 336 116 117 15 211 2 463 278 152 395 118 267 128 119 121 326 223 359 264 218
Case #9: Yes
2 3 1 6 4 5
Case #10: Yes
1 2 3 4 5 6 7 8 9 10 11 12 13 14 15 16 17 18 19 20 21 22 23 24 25 26 27 28 29 30 31 32 33 34 35 36 37 38 39 40 41 42 43 44 45 46 47 48 49 50 51 52 53 54 55 56 57 58 59 60 61 62 63 64 65 66 67 68 69 70 71 72 73 74 75 76 77 78 79 80 81 82 83 84 85 86 87 88 89 90 91 92 93 94 95 96 97 98 99 100 101 102 103 104 105 106 107 108 109 110 111 112 113 114 115 116 117 118 119 120 121 122 123 124 125 126 127 128 129 130 131 132 133 134 135 136 137 138 139 140 141 142 143 144 145 146 147 148 149 150 151 152 153 154 155 156 157 158 159 160 161 162 163 164 165 166 167 168 169 170 171 172 173 174 175 176 177 178 179 180 181 182 183 184 185 186 187 188 189 190 191 192 193 194 195 196 197 198 199 200 201 202 203 204 205 206 207 208 209 210 211 212 213 214 215 216 217 218 219 220 221 222 223 224 225 226 227 228 229 230 231 232 233 234 235 236 237 238 239 240 241 242 243 244 245 246 247 248 249 250 251 252 253 254 255 256 257 258 259 260 261 262 263 264 265 266 267 268 269 270 271 272 273 274 275 276 277 278 279 280 281 282 283 284 285 286 287 288 289 290 291 292 293 294 295 296 297 298 299 300
Case #11: Yes
1 2 209 125 3 257 4 6 250 489 204 7 8 9 10 11 150 413 12 80 13 14 411 167 117 153 409 15 281 453 233 16 19 20 18 210 320 21 22 31 287 178 387 23 402 75 472 138 357 438 24 25 293 26 90 17 380 471 268 27 28 254 29 30 104 301 32 33 443 34 35 366 36 316 37 38 39 40 41 245 42 43 44 45 46 455 452 435 47 272 48 49 142 467 267 312 50 51 52 53 379 54 155 55 56 246 57 421 87 319 58 59 60 224 61 158 494 5 62 73 181 98
Case #12: Yes
364 268 459 399 259 5 252 461 31 2 8 10 133 11 103 262 163 15 118 311 353 356 460 201 350 17 416 284 456 154 19 218 20 36 22 401 6 23 24 55 26 445 45 27 345 28 58 7 29 108 30 455 114 255 33 427 34 180 38 306 488 196 81 394 21 43 338 372 138 480 408 18 277 497 212 86 386 193 166 223 246 3 409 463 39 42 44 49 141 53 56 57 318 59 323 60 326 158 178 61 197 369 271 91 124 62 63 64 67 358 68 69 169 440 139 54 74 411 70 402 327 32 12 210 71 125 72 14 73 382 239 76 77 78 359 371 79 80 296 395 50 82 47 355 150 84 194 85 274 126 87 354 484 88 439 329 90 492 116 92 144 41 16 93 431 404 305 189 448 35 100 151 420 25 117 315 94 204 51 295 113 97 98 101 52 46 299 452 102 398 325 375 105 319 414 322 89 304 419 107 279 111 418 191 112 127 231 96 37 286 156 281 106 119 478 9 314 120 121 276 122 328 123 181 320 128 247 406 443 65 211 172 99 129 4 451 272 130 131 261 136 378 132 337 115 332 273 134 474 486 229 317 405 159 380 135 137 48 140 75 413 142 83 434 40 256 238 143 145 275 270 146 13 1 336 147 148 468 481 149 173 109 152 95 110 374 66 227 153 421 206 155 157 396 472 160 104 407 258 491
Case #13: Yes
472 208 262 2 4 152 286 382 188 133 477 6 237 150 7 8 319 9 11 45 379 73 445 270 261 462 324 475 110 342 402 193 106 428 358 217 421 317 14 368 236 13 17 292 346 99 140 21 22 23 25 316 20 189 144 265 162 26 246 499 28 70 424 352 372 474 29 279 31 294 1 32 33 86 34 47 35 373 36 190 130 457 127 216 38 40 41 42 278 498 344 3 154 395 139 83 452 305 327 453 362 458 43 263 394 44 91 375 113 107 271 408 48 412 416 470 247 49 464 248 52 425 198 229 383 378 53 56 211 429 438 76 369 240 94 58 245 171 57 420 143 435 80 407 90 299 269 297 24 398 37 214 59 51 60 273 61 180 15 281 363 138 55 280 62 495 145 471 63 71 54 79 30 403 298 307 64 415 128 65 66 476 68 12 67 360 72 390 226 134 482 400 136 385 151 434 376 244 18 194 69 98 174 232 252 322 102 74 75 258 78 199 5 81 460 183 82 84 480 486 469 310 27 77 100 222 221 157 333 343 419 50 85 88 354 89 361 159 396 92 16 95 220 156 46 96 97 101 39 414 19 207 103 347 213 242 187 93 10 129 250 104 443 105 108 87 314 275 405 109 163 374 112 114 238 243 302 254 115 117 422 111 370 446 137 118 121 409 119 492 489 227 116 466 296 326 431 120
Case #14: Yes
481 3 4 320 132 6 12 139 13 14 15 379 351 421 16 404 19 20 21 22 308 91 479 62 24 25 287 168 484 242 303 255 391 27 433 28 17 29 30 31 32 33 217 179 485 34 57 247 224 35 36 196 477 76 37 38 39 376 397 469 143 42 319 44 45 424 46 47 49 50 51 222 52 68 321 54 55 56 137 58 284 478 314 59 60 61 48 8 63 65 66 67 18 69 70 71 467 75 277 77 486 342 79 80 291 81 334 82 83 386 237 204 26 85 263 86 157 87 43 74 244 257 254 88 89 90 423 385 120 360 101 136 409 155 457 92 299 64 218 23 93 463 94 175 95 10 2 96 97 156 98 276 100 318 1 368 419 158 102 238 103 227 104 105 106 435 107 149 73 108 53 110 346 111 109 112 113 114 317 115 116 240 187 117 118 483 162 258 78 119 443 121 333 122 123 468 124 126 127 128 129 131 133 5 134 138 135 140 141 369 252 370 41 142 144 145 184 99 146 417 147 148 150 130 151 264 246 152 153 154 372 231 159 160 161 163 164 165 84 202 11 9 377 166 167 169 170 171 172 173 381 174 125 176 177 189 178 40 180 345 451 181 182 183 185 271 186 188 331 272 337 190 191 225 462 465 192 193 194 195 197 219 198 72 199 7 200 201 267 412 251 301 281 328 220 203 205 206
Case #15: Yes
1 2 3 4 5
Case #16: Yes
211 189 250 1 332 320 301 382 115 4 40 329 363 7 327 10 288 265 46 409 235 90 194 12 13 208 44 457 14 15 237 257 21 22 345 18 182 78 3 193 23 180 24 435 186 26 28 43 29 69 277 93 31 107 32 206 339 360 364 36 335 203 37 458 39 97 41 252 468 95 227 45 333 47 50 407 19 35 251 179 197 368 437 426 316 51 325 53 381 27 54 68 56 268 9 108 104 57 234 58 60 61 169 62 415 42 259 283 64 396 184 66 67 70 124 417 71 261 482 73 16 74 38 75 76 424 485 338 77 79 55 80 81 82 83 144 452 461 87 121 129 2 88 8 398 271 201 89 217 114 411 85 91 84 273 92 94 96 98 298 287 101 102 65 475 296 34 103 322 86 105 340 202 63 106 109 130 110 48 449 111 492 52 156 112 100 113 136 116 342 158 118 119 263 383 120 6 341 270 122 125 33 126 233 308 413 128 196 478 311 131 11 229 132 168 133 134 403 231 432 135 137 198 117 353 123 138 139 228 140 328 141 142 490 143 254 438 145 146 147 148 150 151 25 379 152 153 154 5 399 127 155 166 49 191 317 157 187 286 173 378 159 183 160 161 59 388 299 162 370 163 164 165 99 373 442 167 170 171 30 20 377 429 172 421 318 72 17 149
Case #17: Yes
1 2 10 3 20 21
Case #18: Yes
326 494 8 420 277 224 249 120 240 74 1 71 183 2 72 214 385 3 7 9 472 213 330 144 10 370 12 125 13 14 456 243 463 18 245 22 4 272 20 117 21 390 158 23 26 28 426 131 47 68 469 30 86 351 367 238 31 27 33 410 112 34 35 430 160 366 345 51 356 155 209 36 37 85 486 459 38 39 460 41 43 208 53 368 325 45 333 46 70 295 493 254 78 48 429 293 136 42 297 50 173 492 289 52 342 362 491 54 451 49 437 282 55 358 281 274 56 194 422 58 204 425 59 118 60 212 61 62 113 66 67 63 75 88 147 76 307 5 283 253 77 64 19 79 80 32 303 379 84 17 291 93 354 405 215 87 378 89 11 442 90 189 179 257 441 135 167 40 200 15 156 57 419 262 91 92 316 16 421 461 306 73 97 175 95 104 408 96 98 250 375 477 191 99 447 101 65 394 416 318 196 184 102 216 103 105 304 106 83 488 107 411 499 364 340 148 498 474 236 327 6 24 484 108 172 109 110 69 299 111 414 481 114 177 331 115 137 181 116 444 119 377 436 435 228 386 427 29 471 393 121 233 203 260 373 122 123 383 450 409 371 231 124 153 193 190 126 82 276 468 162 487 127 161 230 171 201 336 100 128 462 94 244 129 187 302 199 239 449 261 44 25 434 81 309
Case #19: Yes
2 1 4 3 5 6 8 7
Case #20: Yes
255 1
Case #21: Yes
260 1 2 231 6 4 453 5 7 186 391 8 10 11 12 13 190 168 399 15 17 269 474 184 194 18 19 334 20 463 261 239 21 257 24 179 25 26 27 28 192 29 145 109 16 392 30 110 31 368 74 253 33 34 35 141 425 415 267 36 37 38 39 55 308 3 40 41 42 373 218 413 32 43 44 45 46 47 208 48 49 51 52 224 344 207 53 254 54 56 57 107 58 59 489 61 304 9 62 64 104 65 66 67 68 69 189 142 70 139 72 73 75 245 77 130 348 213 485 78 394 79 80 14 204 127 332 434 445 71 105 81 63 82 294 83 128 476 135 251 84 85 86 87 88 89 91 92 305 235 93 234 454 94 95 60 96 97 365 437 377 22 99 50 229 100 116 338 129 101 102 106 108 111 112 175 124 408 297 113 76 114 385 222 131 459 237 362 103 115 117 118 289 119 120 98 121 122 23 123 125 90 126 132 201 147 209 133 149 134 146 136 137 290 138 140 143 407 144 359 148 306 150 446 452 322 443 389
Case #22: Yes
1 2 5 125 6 8 9 461 10 229 147 75 448 223 7 12 128 15 17 19 286 21 288 22 23 25 27 78 401 365 54 28 29 291 417 252 57 64 30 16 32 4 322 33 181 34 31 35 36 38 40 176 37 364 41 42 168 44 46 129 403 47 160 466 231 290 167 50 51 228 116 53 71 326 11 438 416 296 406 55 114 56 59 60 259 61 435 49 62 63 65 495 52 66 264 456 437 269 220 68 135 359 70 73 123 494 74 367 77 82 72 83 84 85 172 86 187 117 26 379 94 88 476 230 295 20 343 188 89 90 193 261 109 441 14 339 458 13 342 163 91 92 80 93 95 96 3 97 98 419 99 421 377 100 337 101 102 103 105 402 106 48 107 348 335 180 152 108 492 110 134 45 111 113 474 485 143 115 346 118 119 43 186 120 121 87 122 124 192 126 127 279 130 131 132 244 137 393 329 369 138 382 151 139 338 275 140 142 165 334 144 145 146 237 449 148 149 150 390 104 153 154 156 424 157 350 158 159 460 155 39 161 162 136 76 141 164 178 166 303 354 169 67 170 256 171 112 173 79 174 175 363 468 177 235 179 183 184 18 185 189 190 191 194 234 195 58 81 196 221 197 198 182 214 199 133 69 200 201 202 372 203 222 385 204 205 240 206 207 208 209 211 361 212 24 210
Case #23: Yes
144 295 1 2 4 230 5 7 127 228 9 10 11 235 12 140 153 13 168 160 14 15 217 19 21 27 22 256 25 28 36 39 40 68 142 41 43 46 86 47 50 54 151 56 38 208 108 57 222 58 60 6 62 95 63 274 172 65 66 67 69 98 70 71 190 72 289 73 75 76 77 78 202 129 74 221 80 82 169 276 205 83 84 100 85 79 87 88 91 306 101 132 102 164 219 97 103 106 23 107 109 304 118 110 115 114 59 49 33 53 8 116 117 184 119 121 122 123 124 126 286 55 296 162 26 128 197 16 31 130 131 134 135 42 48 137 138 29 263 141 269 174 143 105 192 180 145 149 150 99 155 156 20 157 158 96 159 61 89 238 94 240 146 161 293 18 163 251 165 167 171 45 173 81 51 175 44 176 179 181 154 182 3 136 218 183 185 177 308 187 189 191 30 193 194 196 234 152 198 199 200 201 204 206 147 207 64 224 210 213 214 301 17 215 302 236 216 220 223 225 120 212 259 226 227 229 231 232 186 244 233 237 239 32 241 242 243 246 247 178 248 125 249 111 203 250 252 253 303 93 254 255 257 34 258 260 261 262 264 265 266 281 90 148 139 267 268 270 113 271 272 104 273 209 280 112 292 275 283 37 277 188 278 35 133 279 282 284 166 211 92 195 24 285 287 245 288 170 52 290
Case #24: Yes
47 71 225 2 3 21 148 4 386 5 69 312 390 6 399 307 7 151 9 10 454 13 407 261 247 376 20 14 380 15 16 17 130 169 23 338 28 122 30 303 35 341 285 245 495 104 249 273 256 98 36 210 38 284 431 39 183 280 406 41 379 215 42 44 333 45 480 202 48 49 311 50 51 494 155 102 78 461 168 1 443 52 487 53 54 301 55 269 451 57 219 58 59 149 319 241 40 60 322 61 8 101 243 255 170 62 375 232 63 334 476 355 398 64 331 260 366 65 458 93 66 11 378 82 67 389 327 68 72 73 121 77 74 75 410 76 79 287 185 80 81 83 94 84 85 86 88 267 89 31 348 90 91 92 24 12 335 145 95 471 114 70 96 97 33 99 100 103 43 264 142 105 107 108 281 110 324 320 433 112 113 357 56 116 396 172 117 26 342 286 457 109 136 263 220 118 424 119 37 120 129 184 371 489 413 124 22 115 164 449 412 488 125 467 302 127 211 131 132 195 381 270 46 133 134 446 414 135 428 87 137 224 138 227 139 106 179 492 140 486 466 277 415 32 141 175 432 123 143 25 18 144 173 146 147 150 298 427 349 27 152 364 153 323 315 292 226 111 34 154 19 156 485 157 158 128 181 159 236 160 491 186 178 29 272 161 162 163 165 166 251 313 167 383 126
Case #25: Yes
2 4 386 5 261 3 7 360 9 425 155 90 477 11 86 111 417 76 347 456 295 165 85 118 354 75 253 12 14 323 15 311 234 16 8 17 19 218 345 500 21 23 24 25 428 175 28 276 65 26 294 73 206 27 381 146 465 30 13 52 129 81 36 279 37 290 38 126 58 39 497 396 270 115 314 280 40 287 222 127 324 272 153 440 266 198 376 18 68 108 41 200 285 316 225 227 42 109 406 44 125 169 387 310 60 138 143 216 274 359 262 54 45 46 291 49 50 56 57 154 101 59 62 166 64 241 10 22 447 263 429 78 66 304 131 419 268 67 43 187 230 69 201 442 157 486 458 203 112 366 70 349 128 6 322 484 431 355 71 205 72 51 245 481 212 121 474 171 77 297 368 55 79 95 82 315 471 312 83 418 480 289 402 265 87 74 88 107 464 92 384 267 334 132 93 34 416 94 328 251 96 404 91 375 89 97 98 117 99 104 29 113 100 460 102 247 482 103 105 106 427 110 342 84 167 48 320 114 412 80 116 256 158 119 420 61 210 363 414 120 20 424 362 432 147 134 63 123 338 145 309 446 472 242 124 388 252 463 33 303 196 1 32 257 140 293 186 47 397 53 130 393 133 152 35 193 394 470 180 122 269 150 135 450 435 240 308 136 494 317 430 383 389 31 377 137 326 139
Case #26: Yes
101 75 270 2 167 341 163 5 327 381 6 7 8 9 189 32 322 232 12 244 164 17 157 26 499 496 20 21 463 23 490 24 340 27 30 31 237 25 113 57 33 233 35 437 174 38 40 228 307 310 150 67 16 483 238 42 43 384 44 118 109 34 45 371 125 46 80 173 48 484 10 188 49 439 399 50 29 52 123 83 11 395 219 177 431 14 136 344 203 54 172 55 165 56 154 126 198 61 417 15 259 62 64 65 158 66 365 69 248 262 343 192 71 79 208 74 93 156 18 461 471 77 181 78 447 3 134 81 82 13 84 145 28 144 124 319 404 85 487 493 182 257 86 88 249 236 247 474 147 430 89 91 92 94 95 97 272 39 268 191 100 292 102 456 309 103 104 306 105 367 60 112 166 235 266 286 22 106 107 444 108 159 99 111 116 53 41 385 464 478 117 110 90 120 489 68 121 345 58 122 127 352 98 334 214 128 170 19 378 70 129 468 72 323 114 355 459 4 421 130 76 162 389 131 283 440 132 467 133 176 73 210 137 138 186 396 462 234 260 153 280 429 139 472 140 51 418 142 36 288 143 206 115 148 63 336 229 242 161 392 37 149 151 175 152 155 160 168 1 434 96 119 141 282 169 383 303 171 178 335 135 398 87 291 179 146 47 180 183 277 342 59 202 184 185 187 190 193 269 194
Case #27: Yes
208 466 475 1 286 224 333 399 485 233 76 2 3 4 40 204 137 5 75 219 319 6 78 335 378 65 353 7 497 461 283 8 340 9 10 278 55 11 18 12 368 13 14
Case #28: Yes
9 316 104 37 164 315 343 134 310 8 193 140 257 64 495 171 26 484 357 256 440 480 119 225 370 125 416 390 110 113 336 325 76 170 319 158 385 412 258 478 57 90 348 63 456 469 233 126 369 500 75 53 323 120 267 442 144 331 362 220 308 200 403 437 328 396 305 320 243 287 449 276 290 41 254 29 351 318 249 212 109 327 174 21 493 468 365 205 270 131 191 19 445 260 496 5 393 226 122 207 284 466 425 195 58 407 306 101 354 51 311 398 221 470 28 223 476 353 454 455 463 34 118 298 133 10 347 208 244 42 194 417 265 487 189 314 152 98 472 333 102 382 424 297 55 292 23 477 423 273 422 72 180 20 36 268 146 94 181 420 67 177 397 446 230 399 247 366 209 386 373 213 204 31 444 324 132 117 436 217 229 418 342 219 296 303 251 87 378 123 99 56 24 52 300 108 430 161 428 486 286 242 372 313 105 13 44 494 421 39 201 335 299 380 192 234 150 127 439 62 81 96 474 160 406 344 413 33 371 188 74 78 206 283 246 210 321 48 237 352 43 471 240 450 7 411 394 84 322 215 88 384 252 274 45 282 339 143 309 401 408 103 479 135 294 497 295 176 211 115 409 68 165 452 85 438 65 278 183 30 151 329 71 250 69 15 261 97 426 59 238 361 340 368 235 17 116 185 498 107
Case #29: Yes
271 72 3 157 5 6 291 8 9 10 13 16 17 19 96 23 234 28 94 31 202 32 7 36 58 40 41 287 134 42 43 273 95 203 34 241 45 46 47 307 12 237 48 51 52 53 54 166 55 59 138 61 294 253 173 300 64 116 65 67 146 68 140 252 159 74 121 71 2 248 20 62 207 73 76 50 77 78 79 80 82 49 84 85 193 86 21 87 92 304 98 199 229 102 106 90 126 33 18 135 107 109 268 11 286 105 110 111 113 117 133 293 118 122 123 101 125 127 155 128 35 129 115 130 22 132 1 310 141 282 143 144 213 124 147 145 148 100 149 151 152 153 299 154 156 158 214 200 245 308 208 161 162 60 163 170 139 89 164 183 165 167 168 169 171 174 215 175 178 179 180 181 83 292 235 259 187 185 97 91 186 81 136 188 88 265 284 209 198 190 274 191 184 194 195 196 197 201 69 270 205 206 210 44 211 212 218 189 217 219 305 220 222 27 131 223 258 75 137 224 225 226 204 114 227 228 103 230 14 231 192 233 236 176 172 238 240 255 37 24 56 108 182 25 4 280 285 242 243 177 26 38 246 99 247 250 251 254 256 112 260 39 261 119 262 263 249 150 279 264 266 29 244 30 257 142 267 269 66 120 272 275 276 57 277 160 309 104 221 278 239 232 281 283 15 93 70 288 63 216
Case #30: Yes
374 42 405 392 464 489 24 3 4 492 5 7 8 236 9 11 271 246 14 15 17 93 314 21 445 96 451 18 139 104 420 123 299 118 221 19 20 366 300 335 112 49 23 41 261 320 79 25 156 26 28 312 206 29 32 170 2 413 111 290 274 482 155 30 13 31 226 230 270 422 260 52 430 386 33 1 38 34 35 195 97 477 378 36 327 43 44 45 98 391 267 196 245 63 497 435 46 48 352 54 184 138 130 448 190 166 244 50 168 51 163 317 439 358 423 396 53 215 279 427 55 27 428 56 440 189 395 484 133 425 491 198 57 58 81 60 450 61 64 280 284 65 109 214 302 467 91 262 127 253 218 191 66 137 338 67 310 157 69 210 70 461 340 116 71 334 162 377 73 144 192 248 10 200 224 209 75 76 78 389 385 223 178 142 39 148 80 296 59 82 22 490 169 361 77 344 365 382 47 84 85 250 414 86 122 449 309 87 394 208 88 89 90 92 94 95 313 83 125 99 403 107 459 424 143 294 100 102 324 175 101 62 16 74 141 103 183 319 265 205 481 180 108 40 106 110 6 238 278 388 131 181 113 269 121 114 285 136 412 486 72 115 308 465 117 124 119 68 120 160 147 416 384 126 417 128 295 129 415 132 134 231 433 368 135 437 343 105 436 140 241 367 145 402 37 146 149 219 297 12
Case #31: Yes
134 1 135 461 3 2 4 19 8 186 9 11 480 202 18 232 26 482 484 15 20 6 382 22 347 23 180 24 371 333 420 25 102 485 355 89 166 27 28 29 160 245 39 123 40 41 276 42 163 146 354 292 441 312 43 45 124 264 46 299 136 47 394 266 402 50 337 341 52 176 30 188 53 430 114 86 96 56 57 384 58 458 79 235 32 451 60 481 61 62 335 100 137 63 55 486 93 207 64 38 390 470 148 140 21 307 340 65 328 67 49 68 467 69 428 424 422 119 59 17 411 71 95 73 84 157 393 291 259 35 99 36 183 227 88 150 74 406 75 77 78 154 80 162 436 81 309 412 85 110 407 90 103 416 91 94 242 66 97 194 152 98 101 104 365 322 105 169 270 31 37 178 177 106 7 288 462 54 351 374 345 191 192 83 385 413 117 261 203 421 122 324 107 108 115 131 109 111 92 187 112 116 70 34 72 409 200 118 471 190 44 254 120 492 121 283 76 310 359 125 51 364 126 399 456 325 269 487 87 127 149 128 315 397 447 129 195 130 132 133 138 10 139 113 465 82 156 289 165 5 205 144 327 147 151 164 153 237 277 13 155 158 367 141 159 217 395 437 161 168 170 490 210 12 171 33 182 167 450 16 419 172 226 14 173 211 241 143 48 174 175 145 466 209 179 414 142 348 260 196
Case #32: Yes
1 2 400 425 6 124 223 165 8 9 10 12 310 318 125 361 187 392 421 41 326 416 380 267 14 70 264 15 18 17 259 19 20 367 131 210 329 21 168 22 402 79 387 23 300 25 27 230 364 28 337 355 265 406 29 30 32 258 34 35 222 418 36 37 440 39 40 188 42 43 38 45 11 442 120 214 59 46 365 16 47 3 62 48 333 49 373 24 431 50 7 343 115 52 55 352 311 441 398 56 226 67 397 130 339 57 372 295 196 192 417 199 232 161 328 360 338 235 92 157 160 359 58 283 128 5 60 61 148 63 74 426 64 66 423 68 419 375 69 246 71 346 72 234 260 73 301 75 76 77 81 97 82 84 132 294 438 141 85 112 401 164 391 111 87 88 303 183 247 83 89 286 91 65 345 93 354 147 95 96 98 229 388 394 443 100 101 86 104 420 105 106 386 217 127 389 107 193 108 110 114 298 26 308 4 116 209 203 117 291 118 146 385 211 254 119 253 156 113 353 51 126 190 121 123 263 413 185 427 129 134 243 33 296 135 31 178 257 282 136 103 250 268 137 412 99 133 90 184 279 78 94 109 138 139 140 327 142 144 404 293 143 434 435 446 149 150 312 151 44 53 122 152 153 145 80 299 54 154 102 357 302 384 155 336 379 158 251 13 159 162 163 166 167 227 322 415 169 204
Case #33: Yes
259 1 146 10 2 4 338 5 93 137 6 9 308 11 12 42 311 14 15 16 17 18 19 20 231 21 22 444 324 110 23 242 94 150 24 205 26 30 27 475 493 147 28 217 326 32 176 383 33 432 463 34 35 37 368 38 43 331 44 47 48 144 49 272 70 334 215 52 8 288 50 85 135 304 53 54 56 362 282 458 57 58 479 251 59 60 61 63 452 483 95 106 184 472 341 120 75 76 39 31 109 88 349 239 466 476 111 375 67 64 69 478 405 65 305 102 200 3 249 66 262 378 25 294 68 71 437 98 332 145 62 256 390 72 460 366 371 73 277 74 45 411 78 80 119 180 363 175 474 81 83 152 240 84 327 86 265 412 87 89 353 90 348 480 51 384 319 108 77 91 388 182 41 13 92 211 96 99 100 321 169 422 187 79 167 116 226 101 247 163 46 355 103 281 104 489 143 105 107 112 487 385 266 292 131 443 207 7 113 421 114 194 464 178 325 320 367 477 399 115 82 117 377 206 448 257 118 467 291 209 122 431 470 123 136 420 500 347 128 290 279 129 124 138 427 125 29 126 323 401 393 127 280 130 133 134 139 252 140 455 284 193 141 219 435 210 406 142 148 365 361 268 97 149 151 484 153 154 155 156 121 55 374 309 36 433 132 395 40 157 382 158 159 298 160 161
Case #34: Yes
1 2 3 4 5 6 7 8 9 10 11 12 13 14 15 16 17 18 19 20 21 22 23 24 25 26 27 28 29 30 31 32 33 34 35 36 37 38 39 40 41 42 43 44 45 46 47 48 49 50 51 52 53 54 55 56 57 58 59 60 61 62 63 64 65 66 67 68 69 70 71 72 73 74 75 76 77 78 79 80 81 82 83 84 85 86 87 88 89 90 91 92 93 94 95 96 97 98 99 100 101 102 103 104 105 106 107 108 109 110 111 112 113 114 115 116 117 118 119 120 121 122 123 124 125 126 127 128 129 130 131 132 133 134 135 136 137 138 139 140 141 142 143 144 145 146 147 148 149 150 151 152 153 154 155 156 157 158 159 160 161 162 163 164 165 166 167 168 169 170 171 172 173 174 175 176 177 178 179 180 181 182 183 184 185 186 187 188 189 190 191 192 193 194 195 196 197 198 199 200 201 202 203 204 205 206 207 208 209 210 211 212 213 214 215 216 217 218 219 220 221 222 223 224 225 226 227 228 229 230 231 232 233 234 235 236 237 238 239 240 241 242 243 244 245 246 247 248 249 250 251 252 253 254 255 256 257 258 259 260 261 262 263 264 265 266 267 268 269 270 271 272 273 274 275 276 277 278 279 280 281 282 283 284 285 286 287 288 289 290 291 292 293 294 295 296 297 298 299 300
Case #35: Yes
54 235 295 18 76 1 131 424 84 459 115 324 192 2 322 118 3 285 11 183 20 4 85 51 194 103 5 6 30 7 8 9 79 465 36 95 10 12 13 294 461 189 368 14 15 282 484 263 16 17 19 21 417 277 82 166 22 58 93 348 455 24 102 141 33 25 378 406 116 244 86 187 178 153 26 27 28 443 29 31 23 32 77 113 357 34 375 35 414 37 73 38 39 123 434 170 40 159 41 42 43
Case #36: Yes
283 60 1 2
Case #37: Yes
448 194 40 56 273 440 263 218 477 1 339 156 187 177 456 416 412 182 315 3 50 5 460 437 6 333 466 8 485 33 161 228 189 78 312 478 207 474 221 95 425 10 159 11 77 328 12 106 361 15 127 235 58 85 279 476 354 154 107 16 407 129 413 489 139 90 394 393 17 18 480 343 295 125 22 275 256 415 233 223 23 251 29 341 63 186 373 25 267 458 26 13 445 280 20 364 21 391 308 27 385 28 51 70 30 168 126 32 239 128 34 249 143 36 37 236 93 38 372 39 449 472 42 421 277 214 324 46 47 467 198 313 272 49 52 278 31 53 365 57 59 96 247 258 299 487 19 217 61 112 368 9 209 62 65 66 75 24 441 398 45 259 481 145 101 120 232 41 451 4 67 68 192 253 201 266 400 390 2 69 148 420 79 71 72 227 254 160 281 73 74 137 410 76 241 80 81 181 83 84 87 452 92 94 97 430 319 166 287 298 431 88 496 98 204 60 100 102 7 55 468 103 104 304 54 48 406 191 82 105 108 320 44 109 110 111 216 495 371 43 387 113 64 114 405 429 464 262 35 91 366 14 116 117 428 118 500 185 86 115 473 222 465 318 167 397 246 423 457 322 99 119 307 490 164 121 401 123 261 124 210 282 89 202 270 130 331 131 122 443 286 132 133 497 459 134 135 136 358
Case #38: Yes
1 2 4 10 6 5 3 7 8 12 13 9
Case #39: Yes
59 1 142 2 469 3 4 5 274 443 6 78 264 344 99 7 487 383 257 8 9 10 11 452 253 13 15 16 17 18 19 258 54 20 21 384 28 22 24 25 228 26 27 29 30 424 31 158 428 52 34 23 409 277 35 36 38 39 40 41 42 44 45 364 46 77 488 454 48 49 387 50 223 51 313 53 55 169 148 247 56 492 334 57 122 422 58 394 60 32 61 62 63 65 66 67 464 459 69 70 71 453 318 343 72 73 74 75 76 139 80 332 81 309 82 94 83 328 84 303 85 86 147 288 87 88 90 174 442 91 93 184 95 312 419 96 348 354 353 98 327 243 367 324 112 100 101 103 104 483 89 144 129 105 33 106 107 199 399 108 118 224 110 111 259 413 113 37 114 115 116 117 120 157 121 209 123 125 92 126 242 263 219 127 128 130 304 302 217 131 132 407 134 14 135 68 136 138 227 468 43 140 141 145 279 418 297 146 137 119 447 149 494 150 151 463 298 47 12 397 153 342 172 183 314 163 154 79 252 155 156 333 473 159 160 187 161 162 102 164 165 268 109 166 167 124 369 168 170 171 175 176 97 177 398 178 179 180 273 472 272 181 182 185 133 186 188 372 232 189 190 378 191 192 152 198 284 193 229 143 194 195 196 457 200 201 173 254 202 203 204 205 206 207 208 197 64
Case #40: Yes
475 1 3 4 403 363 5 7 305 407 214 307 55 388 8 72 434 9 116 95 10 11 88 12 472 209 13 14 452 15 400 18 16 323 178 19 20 21 184 87 92 22 139 495 24 28 190 25 90 27 29 30 32 33 34 493 113 36 31 37 39 462 471 40 43 156 44 46 430 48 49 50 274 52 53 193 45 175 56 147 182 58 59 60 317 54 61 62 63 64 65 438 77 66 26 67 499 68 69 278 142 394 300 70 73 349 74 215 75 35 38 217 76 78 42 79 80 41 81 331 131 201 82 370 84 368 86 258 89 23 91 93 94 279 451 121 96 98 138 339 360 99 100 494 2 101 102 17 105 133 103 51 341 104 106 107 348 108 391 343 109 110 111 249 287 112 114 447 277 115 117 118 119 263 120 337 477 122 123 276 466 216 191 124 125 126 476 463 97 127 128 129 130 132 374 134 135 290 148 136 137 261 496 140 302 364 141 436 425 301 143 47 225 170 83 316 144 145 150 146 149 151 152 153 296 235 187 324 154 155 157 158 159 292 256 160 161 162 163 440 465 164 165 166 167 168 169 171 204 172 376 173 174 384 180 176 177 212 390 179 57 181 183 372 185 329 71 186 188 189 192 198 194 195 418 283 196 85 197 199 345 365 386 200 202 285 203 340 6 205 206 342 207 208 210 325
Case #41: Yes
490 397 73 20
Case #42: Yes
1 239 192 293 196 2 121 493 131 325 320 3 367 431 104 398 494 413 66 371 411 4 5 6 98 63 7 281 8 76 236 81 9 10 275 68 179 442 202 421 108 11 75 21 12 13 277 195 355 14
Case #43: Yes
1 77 169 2 41 280 3 4 5 497 419 371 465 6 7 176 262 63 458 8 9 100 230 42 207 10 11 12 395 13 106
Case #44: Yes
288 23 90 380 47 11 53 374 66 220 76 296 159 128 18 20 24 277 25 359 26 28 4 27 29 290 32 70 335 342 384 161 175 33 364 34 229 217 38 36 46 60 200 39 41 21 183 218 158 62 178 306 210 117 253 258 267 42 61 341 148 129 3 240 389 10 19 17 43 330 289 336 197 156 9 22 347 83 92 225 172 149 375 80 256 211 355 232 209 357 268 79 71 59 324 49 136 153 52 37 101 349 67 310 54 222 368 142 263 295 65 356 55 68 1 107 31 57 114 69 72 63 13 8 5 125 74 73 75 323 78 115 326 169 82 198 85 87 104 166 170 348 312 143 236 88 191 56 111 322 93 94 95 96 173 297 50 317 97 48 98 102 103 151 16 307 106 100 84 242 108 390 199 160 7 109 376 228 182 192 45 279 110 274 309 292 251 112 377 113 116 40 118 58 241 344 105 120 332 14 254 207 223 122 123 124 187 126 140 127 320 354 230 291 261 371 189 146 321 361 132 134 260 184 2 141 130 193 234 131 293 64 338 15 44 383 51 180 30 147 77 372 135 168 99 81 316 6 329 137 337 139 315 121 221 386 343 239 179 351 35 205 144 145 287 171 311 308 299 119 273 259 216 379 285 275 86 194 284 319 150 133 89 208 91 313 138 152 12 154 155 157 162 346 286 163
Case #45: Yes
56 143 1 155 305 39 303 330 205 156 179 2 373 438 122 3 486 287 4 5 22 7 231 114 268 10 72 239 236 278 11 467 313 478 316 191 475 277 12 14 282 495 419 61 17 69 310 18 443 331 290 261 336 425 21 24 185 263 23 466 154 498 464 349 6 77 148 27 120 28 461 171 485 30 31 32 453 33 325 436 250 228 271 111 375 26 422 34 35 337 214 218 199 36 391 490 468 37 418 38 42 189 91 109 43 19 333 44 446 45 48 49 140 334 51 52 340 159 322 180 53 54 60 346 97 15 396 29 62 63 64 410 46 84 41 66 262 234 405 471 390 240 67 68 40 459 70 59 238 71 481 73 124 321 75 76 79 441 80 81 50 301 243 83 217 304 16 139 9 85 86 87 351 88 315 119 25 299 105 500 89 488 492 477 309 153 57 235 90 406 383 92 93 476 95 456 96 379 125 393 183 403 103 98 363 371 99 281 320 78 182 74 55 382 460 131 65 424 100 306 101 335 102 392 381 104 141 106 121 431 317 200 272 470 107 8 364 350 108 324 160 216 110 356 82 112 116 115 118 264 265 123 254 20 126 409 127 462 167 128 417 437 348 380 472 496 233 58 215 352 480 427 47 129 248 130 407 326 341 132 133 134 344 117 166 135 435 136 430 94 13 137 138 269 142 223 144 376 386 113
Case #46: Yes
1 153 2 3 4 5 426 6 7 8 422 9 10 11 12 146 80 13 14 15 16 17 18 19 70 20 243 203 197 21 22 23 480 430 355 24 25 404 26 27 28 372 29 423 30 113 130 267 400 252 31 32 217 148 190 33 34 65 35 337 36 134 368 37 176 38 414 39 88 332 109 40 41 42 249 187 43 57 272 145 44
Case #47: Yes
1 2 10 11 12
Case #48: Yes
284 1 3 466 4 6 7 8 175 9 81 171 10 11 13 14 474 258 309 373 15 495 16 18 304 262 375 19 235 20 21 22 23 143 26 27 28 29 30 31 41 293 32 33 34 473 35 60 36 161 37 228 441 39 42 52 487 197 45 48 425 24 51 401 358 454 53 54 96 55 348 56 70 57 255 58 343 61 380 287 62 64 221 65 249 67 389 260 68 283 2 271 138 72 74 75 76 77 49 78 147 482 43 456 306 435 79 80 82 83 84 439 85 87 71 381 88 89 406 25 91 92 93 219 94 119 98 99 101 102 97 12 103 462 95 211 90 104 191 279 470 105 132 457 475 107 113 326 109 110 112 44 233 114 115 469 116 5 333 117 492 164 159 118 317 120 281 50 188 122 322 133 123 124 448 349 121 125 298 126 455 127 414 46 129 130 131 426 291 134 267 135 136 137 444 345 140 193 141 338 404 142 390 173 106 146 66 289 168 148 100 149 150 63 151 410 356 320 152 360 153 385 154 156 155 157 59 158 301 160 490 73 162 165 47 184 428 40 166 167 489 108 169 361 394 264 330 139 144 86 111 170 172 174 176 177 265 178 341 203 245 179 128 180 181 232 145 38 182 209 183 185 186 420 236 187 460 189 430 190 192 363 411 163 69 499 194 196 198 17 199 195 220 200 424 201 202 204 205 280
Case #49: Yes
1 35 2 4 437 324 286 6 23 413 36 9 10 389 246 427 488 278 11 32 153 12 14 26 8 15 214 454 320 297 16 17 133 272 18 19 20 84 21 65 22 24 25 476 27 261 28 156 29 31 370 33 127 402 34 439 430 41 37 38 40 13 42 308 317 43 45 192 269 46 111 423 47 403 51 52 48 384 53 54 55 56 239 57 58 461 59 60 135 151 355 462 157 232 62 300 63 64 387 490 67 481 68 69 480 70 71 120 73 122 98 121 475 142 230 238 74 207 83 3 76 109 315 276 77 78 80 81 82 495 150 66 85 86 138 88 91 93 399 94 95 96 258 97 99 101 102 440 103 104 171 306 105 179 282 106 7 372 432 354 479 107 108 39 112 113 114 496 115 61 116 329 117 89 425 118 184 119 124 373 125 346 126 251 128 483 129 390 186 180 90 30 130 131 132 134 137 139 140 141 72 75 143 266 144 445 145 146 147 148 358 149 152 212 185 154 155 294 158 159 459 424 160 438 161 79 162 163 164 412 240 165 166 493 167 168 5 200 169 100 377 170 172 223 226 173 174 92 175 176 49 44 87 177 178 181 182 183 187 123 188 189 190 280 50 110 191 193 361 194 345 243 452 136 195 196 472 197 198 221 199 202 201 268 330 203
Case #50: Yes
1 2 3 4 5 6 7 8 9 10 11 12 13 14 15 16 17 18 19 20 21 22 23 24 25 26 27 28 29 30 31 32 33 34 35 36 37 38 39 40 41 42 43 44 45 46 47 48 49 50 51 52 53 54 55 56 57 58 59 60 61 62 63 64 65 66 67 68 69 70 71 72 73 74 75 76 77 78 79 80 81 82 83 84 85 86 87 88 89 90 91 92 93 94 95 96 97 98 99 100 101 102 103 104 105 106 107 108 109 110 111 112 113 114 115 116 117 118 119 120 121 122 123 124 125 126 127 128 129 130 131 132 133 134 135 136 137 138 139 140 141 142 143 144 145 146 147 148 149 150 151 152 153 154 155 156 157 158 159 160 161 162 163 164 165 166 167 168 169 170 171 172 173 174 175 176 177 178 179 180 181 182 183 184 185 186 187 188 189 190 191 192 193 194 195 196 197 198 199 200 201 202 203 204 205 206 207 208 209 210 211 212 213 214 215 216 217 218 219 220 221 222 223 224 225 226 227 228 229 230 231 232 233 234 235 236 237 238 239 240 241 242 243 244 245 246 247 248 249 250 251 252 253 254 255 256 257 258 259 260 261 262 263 264 265 266 267 268 269 270 271 272 273 274 275 276 277 278 279 280 281 282 283 284 285 286 287 288 289 290 291 292 293 294 295 296 297 298 299 300
Case #51: Yes
5 8 302 170 441 190 75 198 57 396 6 81 12 13 189 209 15 200 65 71 288 18 22 24 295 26 363 420 85 204 27 407 58 86 182 133 280 28 355 442 245 33 423 34 419 36 96 72 164 183 124 9 370 405 38 358 109 313 39 260 275 192 82 40 41 25 222 43 104 299 445 44 29 262 377 292 46 248 333 47 117 430 259 231 297 418 326 87 211 195 97 48 49 287 342 53 318 327 184 414 56 61 393 62 64 386 356 345 10 136 66 266 140 353 163 394 67 69 55 417 135 362 145 317 324 30 379 293 73 76 271 77 2 256 63 155 194 234 149 59 221 242 54 203 16 398 78 169 79 80 378 402 449 325 230 176 4 180 51 202 450 83 108 23 281 365 375 84 88 352 159 382 89 92 153 392 246 134 212 90 253 91 205 127 93 384 400 94 160 99 279 11 197 207 388 50 14 20 100 101 102 103 129 391 105 171 95 131 106 35 232 156 107 68 349 17 32 282 157 60 123 45 196 98 111 113 215 19 218 229 284 114 199 70 130 7 217 303 344 116 115 118 119 120 1 448 121 335 122 175 249 74 31 128 306 395 272 132 137 437 319 3 138 397 37 139 296 126 408 141 301 125 277 52 152 142 334 447 112 435 143 144 193 346 291 110 21 187 146 147 361 251 239 42 148 228 150 225 263
Case #52: Yes
51 71 1 207 44 2 154 108 417 6 167 390 83 220 331 155 7 374 303 190 361 10 50 14 358 86 396 213 4 322 340 378 441 402 193 285 16 15 32 8 399 9 272 17 376 94 351 308 438 18 203 276 139 29 19 403 3 298 43 20 392 24 398 245 191 295 271 284 354 25 253 231 65 141 161 87 151 45 382 60 430 380 192 287 270 5 391 28 204 258 66 47 411 12 344 118 56 255 320 31 314 230 22 33 34 37 38 36 412 126 370 35 424 39 26 202 164 30 107 368 379 262 40 109 41 42 277 92 46 48 435 168 64 49 307 78 311 101 11 206 91 252 254 27 330 194 405 102 52 132 53 305 54 450 315 55 69 422 23 383 350 267 186 57 153 281 269 58 185 367 229 265 408 59 175 120 222 319 301 61 62 88 67 183 416 200 68 201 288 449 373 70 335 130 97 72 110 214 169 420 13 21 73 124 74 442 128 127 297 431 244 95 404 443 75 63 90
Case #53: Yes
200 2 389 479 21 224 138 383 26 3 328 4 5 6 376 7 8 9 289 143 10 151 11 183 13 31 14 16 96 17 385 30 18 20 22 489 206 23 24 25 465 27 33 345 34 35 351 36 381 38 39 41 43 45 47 370 66 48 49 51 52 55 56 264 173 58 59 60 61 62 484 19 303 374 63 75 156 65 68 69 70 72 73 74 76 212 109 77 196 78 467 80 40 341 427 81 214 477 195 82 42 431 193 457 414 83 84 262 85 494 226 160 234 86 87 229 140 88 89 90 37 91 429 463 346 29 92 93 172 476 94 67 239 95 97 222 98 102 103 260 168 325 104 105 495 106 492 107 382 309 110 111 114 298 115 205 116 220 54 117 118 412 120 293 126 28 50 191 121 124 125 99 127 136 242 100 128 311 1 129 130 279 131 207 238 113 350 339 132 313 133 300 332 388 134 112 450 135 137 390 139 119 147 486 417 79 64 141 142 144 145 146 285 148 101 15 149 459 150 354 153 154 371 155 295 157 158 159 270 230 162 163 406 164 176 165 166 167 169 44 170 472 171 174 122 175 177 152 71 12 178 375 179 244 180 181 451 182 423 161 248 184 185 401 186 187 188 189 108 190 387 32 53 261 46 331 192 194 359 123 197 198 199 202 493 203 201 204 208 209 490 210 211 213 344 478 215 57
Case #54: Yes
2 38 337 254 210 22 3 366 272 431 4 87 267 221 13 361 157 84 258 51 118 495 478 101 273 406 300 245 227 429 372 209 59 391 200 298 232 247 492 138 89 380 378 5 7 174 10 239 242 456 262 50 12 14 70 307 15 166 474 148 266 308 189 358 433 500 234 341 11 54 493 368 179 16 18 329 155 363 411 36 17 294 470 24 400 19 328 136 29 9 128 30 32 33 202 34 145 39 40 41 114 306 74 1 394 303 277 442 490 228 42 86 8 37 383 384 261 451 381 43 265 346 44 133 415 45 56 171 226 219 357 280 318 90 454 97 395 106 46 170 31 35 397 47 58 257 402 365 48 104 52 163 53 498 61 487 353 83 62 6 63 27 208 64 65 66 471 199 393 360 390 69 428 421 379 488 345 147 125 463 71 457 459 297 72 73 108 75 76 310 132 96 324 356 60 416 443 410 134 68 150 268 124 434 418 130 77 278 439 25 49 486 149 316 26 102 112 127 225 447 399 224 113 485 78 28 186 122 79 195 55 305 494 376 255 489 80 153 333 452 107 94 355 21 193 81 98 105 85 123 326 491 161 484 82 88 364 91 302 271 23 222 196 93 95 99 100 103 252 57 436 203 109 408 110 111 92 67 466 385 115 291 350 143 450 496 116 401 20 387 117 362 119 389 288 120 462
Case #55: Yes
169 255 157 190 145 98 1 291 329 317 2 3 67 5 6 7 326 298 9 12 323 13 17 287 386 422 472 442 414 18 20 22 23 297 270 26 102 188 73 376 27 310 114 197 154 238 87 30 353 395 458 144 236 31 473 273 350 160 217 32 71 34 36 37 38 70 39 256 281 275 40 47 475 121 41 42 46 162 221 164 106 50 35 51 52 53 55 133 56 58 59 314 192 61 409 62 11 300 424 306 25 80 259 63 8 65 408 66 68 72 74 183 77 10 75 213 57 76 172 479 78 79 340 33 81 83 84 48 99 264 278 89 86 88 90 430 135 92 95 429 96 283 97 100 103 104 170 222 105 107 299 339 312 253 235 362 266 396 91 108 109 453 348 464 111 385 24 452 112 115 394 440 45 155 116 85 284 324 159 146 441 469 14 182 200 117 118 294 44 462 463 119 120 123 124 126 101 127 54 224 64 21 356 347 128 445 148 212 129 446 130 372 19 131 110 132 134 16 137 230 138 140 143 147 260 365 82 149 332 150 363 166 43 113 336 478 438 151 122 152 153 244 29 49 93 303 313 156 382 423 158 142 443 161 431 389 163 268 94 4 165 69 60 269 167 28 168 171 173 125 459 174 401 141 175 176 177 136 321 139 178 179 180 388 184 342 181 15 246 185 240 315 434
Case #56: Yes
1 132 431 403 2 429 4 5 424 6 145 7 230 498 439 47 9 209 445 10 11 443 12 19 17 255 293 200 18 367 20 82 3 101 202 417 141 328 97 272 22 25 36 26 478 28 379 30 292 301 31 493 377 74 474 462 483 155 356 32 87 33 342 34 397 257 343 37 244 39 442 40 103 42 29 303 268 352 48 44 380 45 60 121 99 360 35 46 277 49 436 50 454 70 51 243 52 482 53 494 208 137 426 100 54 162 386 357 55 130 253 138 56 21 322 57 61 62 63 285 222 64 91 65 13 105 365 66 67 490 389 134 252 249 451 68 69 154 59 446 23 72 318 250 296 124 73 194 267 475 421 77 213 178 278 407 458 78 430 79 81 8 27 84 86 88 89 412 92 93 94 95 193 38 148 96 102 229 83 41 104 373 106 108 236 43 98 111 245 441 248 112 24 114 376 15 175 115 158 116 136 263 117 76 256 118 312 58 85 488 107 109 120 378 122 123 140 169 497 126 346 127 110 170 184 14 290 128 487 172 351 237 384 129 131 16 133 281 473 135 345 167 119 139 291 125 142 75 143 144 242 174 408 146 90 147 150 321 151 152 192 80 153 149 496 173 361 156 157 362 295 113 463 273 71 427 241 159 160 161 163 324 432 185 375 164 393
Case #57: Yes
81 1 221 45 2 3 384 258 4 299 5 159 6 7 274 246 157 202 357 216 262 8 9 46 10 365 11 363 377 12 13 382 143
Case #58: Yes
396 226 176 1 2 355 4 5 6 482 7 222 78 359 8 410 256 9 12 397 369 13 15 16 285 97 17 19 20 22 23 24 206 485 25 471 161 26 30 27 35 268 492 28 32 166 66 71 33 37 38 21 490 337 39 40 41 43 44 45 46 211 47 48 308 49 138 50 51 240 345 193 52 53 72 274 217 56 57 61 63 465 129 36 230 412 55 64 497 65 152 67 68 69 70 263 75 380 42 333 158 77 116 79 80 81 234 312 330 127 84 86 170 87 88 89 90 91 228 92 460 93 94 418 349 95 96 98 100 101 102 103 76 216 476 463 185 265 400 322 104 488 83 203 105 106 135 34 107 74 108 109 110 111 112 348 29 113 114 118 119 58 416 120 121 395 122 123 124 232 125 62 207 126 128 130 131 133 134 437 136 137 421 493 139 142 143 404 331 462 144 430 10 146 219 147 148 320 149 150 151 153 140 154 155 353 156 3 157 290 229 159 160 162 163 245 164 165 303 167 168 169 262 235 398 188 171 18 375 328 172 173 321 286 190 14 174 175 319 59 177 180 178 179 85 54 82 204 260 358 181 182 183 184 186 99 145 187 484 231 247 132 115 141 417 284 253 189 191 192 194 195 352 341 196 197 31 60 487 393 198 73 293 486 199 298 200 201 202 205 208 209 243 11 210 117 442 212
Case #59: Yes
1 2 10 3 20 21
Case #60: Yes
2 3 1 6 4 5
Case #61: Yes
82 425 2 374 22 32 336 395 3 342 141 414 4 409 246 321 6 41 217 11 430 7 8 49 9 58 15 17 309 173 458 18 21 260 23 10 469 93 311 24 25 26 29 12 418 189 36 251 31 35 218 38 170 40 341 164 43 115 274 44 303 161 361 91 100 46 187 157 282 48 281 51 243 52 210 363 369 447 53 172 54 166 55 472 14 56 60 396 286 323 116 62 197 439 74 283 376 64 61 65 118 66 250 5 463 122 67 457 206 68 308 297 69 244 224 229 238 70 338 71 452 72 368 73 76 124 78 370 149 407 456 154 80 438 417 343 1 253 145 50 392 349 411 81 84 221 345 271 85 87 79 416 88 373 214 450 34 167 179 37 193 89 47 90 92 467 94 146 95 168 96 152 97 290 451 98 464 99 329 401 257 162 269 101 358 28 102 352 103 199 104 105 109 106 39 461 248 30 213 107 131 108 110 459 404 111 112 113 86 114 83 117 227 420 57 119 126 127 123 371 128 129 19 130 315 239 280 202 270 63 408 132 314 121 45 42 125 180 20 465 13 356 178 133 120 134 209 59 204 228 135 136 138 477 139 140 33 142 470 359 391 354 137 27 143 144 448 147 148 75 196 150 151 160 153 155 332 156 158 444 275 159 165 169 171 174 77 357 242 175 421 200 163 433 16 176 177
Case #62: Yes
169 209 3 6 11 12 301 13 210 22 243 188 213 89 217 272 173 18 20 29 21 302 9 23 25 32 255 35 38 42 43 276 183 44 149 46 56 115 151 19 50 159 235 10 63 203 193 14 51 58 59 165 60 64 16 224 67 69 71 83 214 72 283 33 78 73 252 74 28 76 79 80 202 239 81 84 86 34 215 88 134 161 91 36 85 17 92 185 93 94 96 102 160 263 180 104 158 150 146 240 107 108 2 110 304 112 90 117 55 118 120 124 99 125 70 270 45 128 26 294 303 129 131 127 133 138 275 126 175 139 141 268 142 143 53 164 24 145 147 219 236 208 132 186 266 154 163 262 230 49 54 244 246 156 192 30 157 140 57 97 264 113 5 162 166 1 167 105 170 171 153 65 172 103 174 177 178 116 247 179 182 187 40 114 190 245 119 265 144 191 194 123 196 197 100 82 195 95 199 225 130 232 298 201 204 205 27 285 61 200 223 206 41 207 218 211 98 212 216 267 220 4 87 226 227 228 234 237 261 106 135 184 198 238 62 176 77 241 242 248 121 75 137 111 181 286 249 155 250 251 288 253 254 31 269 66 7 8 256 257 221 258 259 168 260 15 109 271 39 273 277 278 279 122 280 37 48 281 101 136 152 282 231 68 299 52 222 284 287 289 290 233 189 47 274 291 229 148 292 293
Case #63: Yes
7 2 1 10 16 19 21
Case #64: Yes
1 2 3 4 5 6 7 301 8 9 10 11 12 13 14 15 16 17 18 19 20 21 22 23 24 25 26 27 28 29 30 31 32 33 34 35 36 37 38 39 40 41 42 43 44 45 46 47 48 49 50 51 52 53 54 55 56 57 58 59 60 61 62 63 64 65 66 67 68 69 70 71 302 72 73 74 75 76 77 78 79 80 81 82 83 84 85 86 87 88 89 90 91 92 93 94 95 96 97 98 99 100 101 102 103 104 105 106 107 108 109 110 111 112 113 114 115 116 117 118 119 120 121 122 123 124 125 126 127 128 129 130 131 132 133 134 135 136 137 138 139 140 141 142 143 144 145 146 147 148 149 150 151 152 153 154 155 156 157 158 159 500 160 161 162 163 164 165 166 167 168 169 170 171 172 173 174 175 176 177 178 179 180 181 182 183 184 185 186 187 188 189 190 191 192 193 194 195 196 197 198 199 200 201 202 203 204 205 206 207 208 209 210 211 212 213 214 215 216 217 218 219 220 221 222 223 224 225 226 227 228 229 230 231 232 233 234 235 236 237 238 239 240 241 242 243 244 245 246 247 248 249 250 251 252 253 254 255 256 257 258 259 260 261 262 263 264 265 266 267 268 269 270 271 272 273 274 275 276 277 278 279 280 281 282 283 284 285 286 287 288 289 290 291 292 293 294 295 296
Case #65: Yes
417 1 2 3 5 356 255 6 171 47 259 7 28 126 443 8 163 459 10 11 64 12 13 15 197 63 16 17 31 458 18 20 397 41 370 22 425 23 24 25 26 27 29 32 335 354 83 496 473 54 33 213 34 30 35 402 437 36 265 9 37 38 39 40 42 43 44 438 45 46 241 195 447 173 48 49 50 315 452 53 56 258 460 55 57 61 244 62 65 131 66 88 125 358 19 309 67 151 82 68 21 69 471 110 344 366 287 70 254 71 91 86 72 73 76 360 382 77 84 484 85 87 89 187 90 92 93 328 94 95 97 205 99 376 190 266 75 369 100 96 101 102 148 423 413 234 103 104 106 188 107 283 149 384 108 433 210 224 262 203 144 109 112 60 472 113 114 441 116 119 120 122 74 123 124 127 404 218 14 482 129 352 58 308 121 132 223 133 134 128 135 349 330 139 140 141 142 143 380 145 449 488 179 329 214 146 147 52 150 152 153 154 305 274 130 155 256 59 207 432 198 156 157 158 159 320 160 161 162 232 118 454 164 165 189 282 215 166 167 351 168 486 169 170 184 172 174 318 115 175 281 176 177 180 181 307 117 182 477 178 183 111 185 186 399 191 394 347 105 439 192 51 193 406 194 333 98 196 78 235 199 200 201 4 202 378 136 362 80 137 204 206 79 81 208 209 211 300 138 212
Case #66: Yes
368 333 6 363 308 150 189 154 41 124 198 380 318 9 4 7 291 330 331 286 8 11 221 13 14 18 21 274 89 324 320 23 371 301 273 249 30 12 82 284 78 304 290 387 143 345 332 211 374 128 3 247 268 24 129 35 25 120 42 26 186 156 17 164 265 51 243 27 102 28 63 32 33 52 239 5 65 36 58 168 139 37 64 38 39 59 43 45 246 47 49 297 337 53 343 226 57 200 60 61 66 179 269 104 165 335 341 67 117 68 375 148 222 298 178 31 69 70 382 167 145 223 227 224 353 113 235 138 385 314 72 296 216 81 44 75 381 311 340 378 74 96 342 259 109 76 251 80 83 86 133 351 55 135 34 360 87 215 312 350 92 287 177 16 88 159 54 275 191 317 244 50 56 91 280 252 111 245 71 323 94 105 20 292 347 98 256 127 299 326 100 90 19 365 257 101 373 258 329 29 103 106 22 107 108 110 366 15 114 207 121 182 97 132 118 1 369 281 116 95 130 152 205 122 123 334 125 384 40 126 46 131 233 137 79 141 271 142 201 144 112 278 277 147 262 149 217 303 134 188 151 306 339 153 155 146 270 158 161 84 77 162 163 85 241 230 48 180 267 115 160 169 99 2 288 166 250 119 170 173 140 157 255 192 364 175 172 171 174 62 176 181 264 10 73 283 325 93 136 212
Case #67: Yes
1 2 3 4 5 6 7 8 9 10 11 12 13 14 15 16 17 18 19 20 21 22 23 24 25 26 27 28 29 30 31 32 33 34 35 36 37 38 39 40 41 42 43 44 45 46 47 48 49 50 51 52 53 54 55 56 57 58 59 60 61 62 63 64 65 66 67 68 69 70 71 72 73 74 75 76 77 78 79 80 81 82 83 84 85 86 87 88 89 90 91 92 93 94 95 96 97 98 99 100 101 102 103 104 105 106 107 108 109 110 111 112 113 114 115 116 117 118 119 120 121 122 123 124 125 126 127 128 129 130 131 132 133 134 135 136 137 138 139 140 141 142 143 144 145 146 147 148 149 150 151 152 153 154 155 156 157 158 159 160 161 162 163 164 165 166 167 168 169 170 171 172 173 174 175 176 177 178 179 180 181 182 183 184 185 186 187 188 189 190 191 192 193 194 195 196 197 198 199 200 201 202 203 204 205 206 207 208 209 210 211 212 213 214 215 216 217 218 219 220 221 222 223 224 225 226 227 228 229 230 231 232 233 234 235 236 237 238 239 240 241 242 243 244 245 246 247 248 249 250 251 252 253 254 255 256 257 258 259 260 261 262 263 264 265 266 267 268 269 270 271 272 273 274 275 276 277 278 279 280 281 282 283 284 285 286 287 288 289 290 291 292 293 294 295 296 297 298 299
Case #68: Yes
442 187 213 2 285 344 4 39 6 225 121 123 277 448 104 7 399 109 299 10 12 74 13 439 303 150 124 388 263 251 360 300 143 38 14 16 17 8 18 19 337 20 222 400 282 198 21 274 498 317 9 328 22 23 476 245 340 26 278 3 27 28 411 404 254 29 137 386 30 306 52 31 97 320 32 78 189 362 309 235 417 458 33 34 436 35 133 145 36 346 116 62 37 162 48 40 301 43 44 406 45 46 495 336 265 47 499 50 51 53 275 500 54 57 409 58 100 414 60 61 402 59 63 49 447 206 64 368 71 66 68 69 126 70 418 72 329 361 339 75 464 294 77 80 242 81 142 413 83 84 205 307 305 85 86 311 284 88 89 11 378 113 90 461 171 98 91 208 172 92 67 93 267 134 474 210 95 214 237 435 96 444 1 42 101 102 314 65 103 369 106 111 112 115 456 351 107 207 114 424 184 176 380 117 99 118 119 196 356 82 120 79 389 122 141 353 5 125 383 105 158 482 127 281 128 130 94 392 131 166 381 249 325 348 468 370 256 457 110 472 73 132 135 199 338 136 391 446 324 202 138 41 76 139 144 280 55 151 147 374 477 148 149 129 152 153 25 192 140 154 169 486 195 155 410 156 217 157 240 159 87 186 170 15 146 160 226 161 437 108 216 264 401 315 212 480 56 258 24 197
Case #69: Yes
192 159 233 297 88 1 2 3 391 5 7 8 9 364 11 12 357 200 424 353 13 14 15 17 18 19 342 21 229 22 24 422 286 26 29 60 32 33 34 395 38 243 172 39 40 396 41 126 420 42 283 43 387 345 23 44 45 46 273 236 47 48 49 50 52 372 53 54 55 212 56 349 57 59 58 61 109 62 63 151 65 81 255 138 100 238 112 90 66 67 69 70 27 167 71 72 294 285 189 73 414 293 75 76 77 123 78 79 83 84 85 86 87 253 89 292 31 91 92 232 94 279 96 97 318 380 98 121 326 376 317 99 408 101 102 103 244 105 106 35 107 249 385 110 188 331 111 211 393 161 113 383 114 116 30 117 118 225 119 122 124 128 129 130 104 74 132 251 133 209 190 134 135 226 136 137 173 10 139 140 154 141 142 108 80 36 143 144 145 146 20 147 148 191 149 288 150 155 95 64 68 156 390 157 223 158 82 160 162 257 28 356 163 164 165 398 120 166 153 394 206 169 6 170 171 174 175 348 330 176 127 177 178 179 180 355 152 312 181 194 182 183 207 184 359 185 187 186 308 37 193 239 195 196 197 198 201 168 4 202 214 203 204 406 386 205 208 327 51 125 210 213 199 272 115 215 216 217 241 25 218 231 219 220 16 221 222 341 411 224 227 228 93 131 230 234 366 235 237 240
Case #70: Yes
352 1 2 4 324 249 153 182 8 176 405 13 14 341 281 98 15 16 17 128 18 77 22 152 415 382 23 136 255 66 354 120 242 86 323 50 169 222 42 345 24 168 448 289 26 27 3 25 28 326 29 7 33 35 21 411 34 283 297 37 39 69 38 40 41 335 315 332 189 321 254 44 271 45 46 47 48 392 49 11 51 121 52 138 366 53 236 54 173 437 56 57 59 377 108 246 61 421 248 257 63 160 278 433 159 64 227 106 124 32 65 179 68 360 389 71 125 72 290 148 74 75 43 346 403 203 201 305 76 223 78 87 80 82 445 83 191 84 406 361 88 198 89 235 175 431 155 356 137 116 90 92 93 413 107 294 355 135 55 226 94 95 402 336 96 146 211 196 97 99 351 31 36 374 417 435 386 183 259 216 383 262 101 156 102 73 302 353 233 30 301 111 426 103 70 104 105 393 166 109 110 112 113 210 117 115 9 404 5 221 118 62 119 230 122 310 245 123 234 126 334 100 284 280 130 200 142 127 129 380 131 401 132 369 134 188 224 241 60 432 347 139 81 418 140 141 143 67 447 19 399 85 225 329 12 368 144 6 180 287 145 436 10 149 150 20 79 91 151 154 157 244 158 161 162 358 163 385 371 167 164 286 367 114 328 185 147 165 170 171 172 133 381 192 320 425 339 58
Case #71: Yes
409 1 306 101 191 194 245 279 7 355 388 8 10 29 11 253 12 387 176 13 217 14 224 16 27 17 220 339 315 313 20 23 86 179 326 398 24 177 25 416 33 34 403 49 291 30 256 379 112 418 79 61 166 72 134 83 21 35 394 41 213 42 44 170 15 267 19 363 144 246 374 419 162 4 67 45 304 48 51 397 52 53 26 78 3 185 129 292 369 54 92 39 55 362 138 104 323 141 56 57 38 58 59 273 88 60 126 6 299 219 240 96 63 214 382 261 82 406 65 105 66 69 276 168 301 376 80 32 70 171 73 205 302 74 75 284 157 216 420 377 77 167 303 81 85 286 89 411 93 206 62 275 95 351 47 97 281 99 28 115 236 100 209 102 43 103 87 364 106 108 310 305 135 234 9 111 390 259 314 145 252 330 37 298 404 243 309 76 328 226 113 114 116 319 109 349 31 119 149 64 215 121 127 122 118 110 123 91 124 408 424 117 350 201 163 125 94 128 84 130 280 131 294 132 417 68 133 346 40 345 186 249 136 18 137 120 293 296 150 139 383 341 172 312 325 50 412 334 192 140 5 143 146 187 147 180 142 367 98 152 107 370 36 148 340 71 248 22 151 422 247 290 361 238 153 358 402 154 155 423 46 274 311 156 263 174 317 308 158 257 90 159 385 2 160 391
Case #72: Yes
2 257 383 377 3 334 97 4 246 206 5 391 70 6 250 7 113 436 211 66 288 463 35 381 8 262 10 303 11 333 405 119 464 60 99 13 433 111 472 478 86 480 423 469 266 84 44 421 263 76 186 17 110 430 175 479 178 290 417 154 443 323 434 256 318 87 171 450 15 16 404 265 219 18 373 418 356 22 24 419 25 190 153 294 26 27 224 387 271 414 214 248 395 164 28 79 29 191 492 287 346 52 281 197 30 31 118 374 415 115 402 325 12 268 32 272 316 227 221 57 460 106 366 34 354 407 53 355 37 413 416 368 47 142 360 376 39 36 385 112 408 40 420 23 116 41 208 487 454 225 379 390 370 331 45 136 457 149 424 205 398 159 367 49 283 462 33 50 9 182 467 51 82 54 343 55 486 56 280 328 216 90 342 218 279 59 63 94 388 358 65 371 67 68 426 422 48 295 141 300 132 352 69 95 220 242 477 317 476 71 232 311 439 46 72 73 494 20 148 42 143 425 437 273 213 104 75 497 309 350 64 446 58 473 129 193 96 396 329 156 74 77 14 81 255 83 21 384 488 85 491 432 88 89 203 260 91 274 296 92 445 80 61 163 456 93 475 62 38 172 411 278 1 98 188 441 144 243 362 258 314 78 326 100 319 101 43 19 338 102 207 103 173 241 444 249 140 179 226 187
Case #73: Yes
1 2 3 4 5 6 7 8 9 10 11 12 13 14 15 16 17 18 19 20 21 22 23 24 25 26 27 28 29 30 31 32 33 34 35 36 37 38 39 40 41 42 43 44 45 46 47 48 49 50 51 52 53 54 55 56 57 58 59 60 61 62 63 64 65 66 67 68 69 70 71 72 73 74 75 76 77 78 79 80 81 82 83 84 85 86 87 88 89 90 91 92 93 94 95 96 97 98 99 100 101 102 103 104 105 106 107 108 109 110 111 112 113 114 115 116 117 118 119 120 121 122 123 124 125 126 127 128 129 130 131 132 133 134 135 136 137 138 139 140 141 142 143 144 145 146 147 148 149 150 151 152 153 154 155 156 157 158 159 160 161 162 163 164 165 166 167 168 169 170 171 172 173 174 175 176 177 178 179 180 181 182 183 184 185 186 187 188 189 190 191 192 193 194 195 196 197 198 199 200 201 202 203 204 205 206 207 208 209 210 211 212 213 214 215 216 217 218 219 220 221 222 223 224 225 226 227 228 229 230 231 232 233 234 235 236 237 238 239 240 241 242 243 244 245 246 247 248 249 250 251 252 253 254 255 256 257 258 259 260 261 262 263 264 265 266 267 268 269 270 271 272 273 274 275 276 277 278 279 280 281 282 283 284 285 286 287 288 289 290 291 292 293 294 295 296 297 298 299 300
Case #74: Yes
74 360 343 226 236 6 355 130 133 141 148 4 190 13 24 341 9 78 86 76 58 126 358 234 282 11 16 255 127 7 332 18 134 168 19 301 249 170 20 82 21 288 196 175 353 322 22 359 50 280 363 228 23 209 155 151 26 279 369 197 17 334 27 153 29 35 321 36 112 63 62 94 107 39 75 32 298 42 251 205 45 47 345 211 184 244 367 212 117 277 119 124 260 210 241 144 41 33 290 48 292 90 352 149 172 199 51 316 98 225 263 52 116 286 268 159 44 100 147 99 73 3 207 178 40 54 331 278 265 202 198 109 56 59 326 138 64 154 203 67 68 53 69 142 70 291 2 46 271 231 348 329 132 300 165 72 77 79 102 80 15 83 85 181 125 232 219 325 81 84 65 95 220 264 103 30 114 31 88 276 92 143 49 96 333 10 266 97 323 104 285 176 101 305 105 177 340 28 284 106 110 166 372 186 171 1 113 115 221 139 163 160 257 120 162 135 274 93 324 38 215 311 248 337 129 118 122 60 200 71 91 351 182 123 34 131 140 14 320 304 145 239 146 295 150 310 156 57 8 223 61 152 254 157 336 204 242 37 273 366 25 43 312 194 187 89 128 308 158 293 87 230 339 342 55 335 121 224 137 161 5 289 12 299 247 136 261 164 243 66 108 174 216 373 111
Case #75: Yes
1 238 29 7 16 2 307 219 336 381 38 27 198 4 5 9 14 413 15 17 106 409 125 272 252 19 365 205 79 188 21 25 418 232 26 36 20 211 28 130 30 40 8 298 46 34 101 35 297 37 41 42 424 43 44 304 404 45 47 48 266 184 49 51 415 92 53 99 56 251 77 234 280 57 273 164 60 63 23 22 292 154 356 58 316 66 86 221 148 150 64 247 377 408 67 12 68 312 322 69 326 200 373 71 62 119 70 72 375 194 335 347 52 73 74 75 82 293 83 108 61 267 85 305 11 55 87 145 89 439 434 433 367 90 93 444 371 114 397 334 96 146 54 286 94 31 95 203 314 97 265 98 133 102 103 269 446 442 104 107 109 3 39 378 13 366 110 111 112 115 116 384 416 230 410 295 386 59 6 117 118 121 392 215 122 159 123 426 124 333 390 126 127 372 10 128 129 132 134 376 120 158 340 152 135 405 315 419 136 105 354 137 429 76 296 387 166 138 50 78 391 113 332 139 91 255 423 357 142 233 140 401 385 141 441 143 144 147 279 192 151 321 153 299 24 33 155 100 156 65 241 175 157 160 355 161 162 353 163 165 195 168 170 171 80 173 174 81 149 176 436 177 196 178 179 180 32 331 181 172 330 131 317 18 182 183 185 88 167 256 186 358 187 169 207 189 319 84 363
Case #76: Yes
1 481 233 3 6 472 7 26 27 8 489 9 154 10 459 98 11 15 14 109 500 317 456 315 374 16 193 18 155 19 20 21 22 394 160 370 23 28 218 29 30 208 396 122 31 326 79 32 33 479 245 312 34 35 37 38 112 36 39 41 42 386 44 45 46 242 48 49 50 51 143 278 54 305 55 292 466 189 56 58 59 60 61 445 62 66 53 67 68 69 239 70 410 269 435 165 436 71 417 450 72 74 76 77 78 96 81 82 5 47 80 101 129 430 83 486 313 4 84 85 88 89 90 369 91 257 429 92 93 97 474 169 100 103 104 99 371 105 266 111 427 106 107 108 110 52 214 113 448 115 392 372 380 116 137 335 117 118 119 120 24 121 25 123 124 125 176 357 253 206 64 17 126 444 127 128 130 132 151 295 437 454 133 134 231 135 184 499 273 276 136 138 323 13 73 139 441 140 434 141 142 210 144 145 241 319 146 384 147 194 148 149 94 150 152 453 2 168 153 447 156 419 279 400 458 157 173 199 408 402 158 297 159 483 87 308 161 162 170 163 164 166 167 102 171 114 131 174 12 270 175 177 389 260 406 368 385 178 339 179 86 75 449 180 467 181 465 182 183 201 185 172 405 40 186 187 188 223 43 277 65 63 95 57 190 191 446
Case #77: Yes
498 499 500 1 2
Case #78: Yes
103 191 2 4 8 9 272 10 11 19 69 13 14 428 276 15 238 165 483 17 398 18 21 116 437 22 349 343 23 28 31 32 33 323 310 38 117 34 92 96 478 80 35 409 445 42 43 7 45 351 51 263 52 314 53 424 56 58 289 59 60 62 411 361 241 87 63 486 82 291 112 95 438 365 450 335 47 220 64 251 257 71 286 65 72 68 267 253 70 281 434 12 477 73 393 20 74 76 182 77 342 27 25 83 84 49 140 85 264 41 154 500 86 88 402 90 149 93 98 155 156 66 370 100 329 101 461 432 102 39 104 496 307 26 106 24 81 180 132 110 259 185 261 113 451 114 115 79 127 122 375 417 123 124 202 489 338 317 61 30 118 322 54 44 128 474 137 467 158 164 309 237 129 354 130 131 133 233 97 177 308 480 240 50 134 208 187 135 55 390 186 6 462 385 473 136 1 109 139 426 397 347 142 143 36 144 312 145 146 295 464 266 94 302 147 359 48 5 148 16 196 57 150 152 153 119 157 201 46 108 120 159 40 294 160 161 105 91 89 340 162 163 418 442 278 218 151 167 75 262 78 168 234 229 346 283 169 111 341 67 107 3 254 170 171 328 121 138 386 29 350 228 336 173 99 37 472 440 166 141 172 126 174 175 469 441 125 176 178 179 221 285 181 183 184 188 189
Case #79: Yes
48 1 416 458 461 2 62 277 3 122 4 5 398 7 150 496 9 47 10 112 11 12 13 15 16 17 33 393 19 20 155 21 216 342 22 23 26 27 28 399 384 472 304 29 498 30 134 31 32 37 38 172 40 104 253 418 41 42 478 78 43 45 50 46 336 49 401 427 321 51 420 311 52 144 44 54 97 55 56 165 57 58 179 59 60 61 242 63 35 354 64 65 75 432 66 67 68 454 69 114 71 102 72 73 74 291 76 77 79 435 81 236 82 428 331 83 318 84 87 88 89 305 214 456 90 91 92 287 249 94 95 96 99 306 366 351 100 101 262 486 241 103 105 34 415 107 167 430 272 108 409 460 358 109 110 111 113 115 117 118 120 488 25 121 184 123 14 339 80 125 6 146 126 53 127 447 128 129 132 133 135 235 136 451 137 138 139 141 131 227 142 463 270 483 119 464 143 147 148 149 424 151 152 153 154 86 156 283 295 157 158 159 160 116 161 98 162 355 163 164 166 301 288 169 170 173 248 174 175 391 326 176 168 106 8 177 18 171 338 327 324 24 361 70 325 39 267 178 210 180 470 181 436 124 376 439 185 36 145 223 182 183 186 187 188 189 382 140 190 191 85 310 264 192 303 193 194 195 196 197 198 199 200 201 202 130 203 437 232 204 205 480 206 207 334 208 209 211 212 93
Case #80: Yes
151 69 2 3 259 4 201 5 6 127 120 227 7 8 456 221 88 157 10 11 18 217 12 147 13 14 15 83 17 248 403 485 19 20 370 21 366 426 397 113 68 22 23 24 25 487 249 96 26 27 28 317 29 78 461 30 31 197 32 326 398 219 262 386 337 33 260 35 58 36 37 39 52 331 106 41 415 358 145 350 429 42 224 43 189 44 451 312 45 436 193 16 46 492 47 49 50 483 242 73 51 449 55 251 108 467 56 170 444 469 220 60 62 109 289 379 280 428 284 139 63 64 105 48 234 479 192 65 294 67 125 267 223 70 146 384 71 138 464 92 66 155 128 75 199 76 77 181 307 372 282 167 79 80 427 439 387 164 435 407 216 273 57 81 34 321 61 100 1 188 268 393 82 84 86 437 270 87 89 357 137 90 283 91 367 134 374 93 191 94 95 97 99 101 423 102 98 313 470 361 103 290 275 149 174 476 104 107 382 85 207 184 369 412 54 416 195 129 110 406 111 179 112 462 114 115 40 341 116 166 383 292 117 118 430 119 121 347 246 344 446 408 123 124 296 266 362 126 131 130 177 342 132 59 133 473 135 459 136 316 140 141 333 142 74 150 72 143 144 53 148 394 152 38 153 243 156 256 158 9 180 159 265 160 371 122 238 154 198 161 162 163 247 165 441 480 402 168
Case #81: Yes
273 1 267 2 3 404 259 148 264 313 25 5 285 6 496 222 414 167 192 277 415 106 7 8 182 9 405 88 236 10 13 430 275 328 114 390 262 274 16 309 177 384 24 17 439 373 18 20 21 434 156 126 453 89 260 140 181 193 124 271 22 23 27 29 219 427 11 30 33 34 157 36 40 100 43 194 44 45 52 339 47 468 48 409 49 87 442 144 348 369 70 209 478 50 68 163 129 53 375 454 499 250 54 4 56 58 154 98 59 254 326 210 162 83 61 494 283 402 491 64 216 66 67 93 102 420 363 150 446 225 111 360 319 69 490 71 340 176 72 73 435 74 168 304 76 142 397 172 77 240 311 433 159 344 78 12 324 165 301 79 80 84 39 86 15 361 183 198 218 449 90 479 91 335 371 141 26 65 92 94 95 459 333 96 97 99 305 103 217 104 105 107 422 108 251 161 109 110 130 112 190 51 35 387 295 28 46 37 252 370 359 113 85 196 115 101 14 484 116 117 322 63 118 119 270 408 121 460 122 136 123 470 31 81 308 127 128 131 316 489 41 223 120 342 224 296 132 133 200 213 243 82 237 187 170 134 239 135 32 395 137 385 318 138 139 75 424 248 440 125 57 143 411 62 464 145 266 146 55 312 374 19 480 42 147 189 403 241 60 149 221 151 463 38 286 152 425 401 354 153
Case #82: Yes
213 432 169 1 2 375 434 111 3 8 94 309 138 458 325 249 9 98 250 123 329 12 120 13 357 363 125 18 19 421 188 34 21 134 245 24 437 22 447 97 23 26 226 411 355 500 27 29 202 14 146 31 453 175 107 176 483 32 33 380 307 490 35 17 480 292 476 38 283 39 40 43 379 143 44 63 121 86 45 46 209 47 83 368 49 50 77 100 5 285 193 413 408 51 52 382 28 441 53 405 293 465 354 239 370 59 272 116 54 371 348 55 56 237 477 210 220 451 81 225 487 99 112 117 406 60 486 433 216 495 410 61 62 4 64 388 496 381 222 326 313 214 366 420 42 217 263 48 57 91 473 449 41 65 284 66 137 191 69 197 212 71 88 73 179 460 265 229 79 154 303 74 383 75 288 122 392 78 372 68 80 378 11 82 343 481 273 84 223 419 36 150 227 221 424 158 339 489 85 153 218 442 87 90 92 414 282 30 340 395 152 37 95 6 174 183 142 484 185 70 15 211 105 159 132 96 7 184 102 362 103 106 76 198 472 373 319 108 168 128 162 110 113 10 58 20 114 186 115 72 124 387 450 101 93 118 119 459 436 385 157 67 126 89 205 127 243 129 130 401 260 255 367 324 104 234 259 461 377 423 201 131 254 133 25 135 464 276 253 402 478 457 494 482 16 337 136 109 310 161
Case #83: Yes
4 229 6 7 8 163 287 71 9 133 341 206 10 12 239 129 13 3 14 17 20 11 22 25 27 28 214 89 266 176 30 33 264 115 58 34 102 35 39 41 37 42 202 286 43 362 44 46 300 45 155 281 161 256 47 48 49 119 50 180 15 52 152 244 55 56 331 57 60 62 63 347 205 195 64 26 65 393 66 125 61 247 67 87 291 68 140 218 69 255 70 24 132 73 29 74 1 75 191 77 78 80 391 196 118 81 209 82 398 343 338 79 200 19 83 84 85 86 88 271 396 388 91 90 93 181 59 94 293 95 96 23 223 149 97 98 99 101 131 104 105 106 204 107 108 236 109 110 278 211 112 114 113 250 366 232 116 412 117 40 120 296 124 126 128 263 158 123 276 130 373 134 183 284 111 135 2 136 154 292 137 138 194 139 36 141 316 142 143 279 144 146 147 148 150 151 92 297 153 145 156 157 53 16 253 159 210 314 160 162 164 165 166 363 167 168 172 403 317 170 175 171 127 207 173 174 18 178 179 350 182 184 275 313 282 32 186 187 76 399 188 121 189 190 51 192 237 193 197 100 198 54 199 201 208 212 213 215 216 169 217 177 219 368 220 221 411 222 337 185 21 387 224 31 395 38 254 225 320 406 226 5 394 303 122 227 408 203 357 311 234 252 103 386 228 72 230
Case #84: Yes
456 1 168 217 197 390 36 2 273 115 392 117 7 8 9 332 10 483 496 351 13 400 178 248 14 295 87 15 411 233 122 17 68 286 12 394 69 192 297 224 95 18 210 82 20 167 22 108 124 270 149 23 24 221 58 26 29 30 230 32 35 445 152 59 368 37 162 327 261 38 341 447 423 401 40 33 114 41 283 100 366 47 199 255 42 43 44 442 46 500 324 50 51 31 52 28 146 499 27 49 330 321 182 209 450 386 158 172 371 355 487 410 147 278 123 307 441 53 90 319 424 373 67 169 488 55 432 103 138 39 256 474 60 61 391 48 305 461 125 104 166 175 200 358 249 446 81 193 62 140 204 328 309 335 383 63 484 214 56 380 77 348 96 364 112 64 385 65 458 66 70 107 71 257 72 73 289 137 352 435 75 80 148 128 479 189 495 485 218 427 79 83 84 191 369 25 322 85 78 229 21 350 86 3 54 451 326 482 472 170 88 346 306 134 89 186 94 436 497 91 302 426 92 225 452 93 97 16 235 11 254 98 126 76 241 357 212 422 113 109 331 453 150 5 203 99 251 74 57 101 201 388 234 102 183 105 45 4 106 6 110 395 111 174 116 378 398 34 131 184 157 118 120 238 298 387 121 244 478 250 127 443 129 119 475 337 253 323 284 339 139 220 130 132 223 281 173 19 144 374
Case #85: Yes
208 1 206 262 46 300 75 4 56 111 142 79 358 5 327 7 9 203 11 114 355 12 13 16 17 115 256 202 388 156 19 21 227 196 110 190 24 108 291 274 118 25 350 371 64 27 120 29 32 33 35 36 37 352 332 122 41 176 68 250 259 192 20 99 42 8 45 48 49 182 51 52 53 57 58 107 6 94 22 364 59 318 280 130 267 243 139 400 144 330 61 135 252 2 162 88 91 331 62 65 278 266 69 70 67 128 72 123 222 73 77 78 81 85 55 347 340 86 159 23 276 328 387 87 210 228 89 93 216 103 95 294 240 10 167 396 97 44 270 100 50 179 290 271 101 374 82 105 102 175 106 198 109 126 112 40 113 195 356 152 116 74 284 18 76 117 15 71 121 298 80 310 344 174 125 131 129 132 246 133 283 3 28 136 148 137 314 322 223 26 63 339 138 141 360 143 145 395 242 308 146 147 54 149 324 150 153 191 184 194 154 124 104 157 348 295 302 66 230 161 286 326 84 376 92 163 244 164 172 165 30 98 134 166 140 292 155 96 119 169 170 171 372 173 177 178 368 180 34 391 214 367 39 127 181 238 254 185 151 236 186 43 160 188 189 193 197 282 264 338 187 323 375 386 251 183 199 90 200 390 201 204 47 31 168 263 380 205 382 14 207 60 209 158 83 399 211 212 213 38
Case #86: Yes
1 2 3 494 122 257 314 4 94 66 306 191 5 7 10 11 9 12 14 413 381 329 8 16 17 18 204 19 20 391 22 223 182 25 263 338 26 27 28 21 29 31 32 358 248 411 34 35 36 236 103 38 39 40 277 226 41 300 396 232 42 87 339 326 241 43 385 44 312 45 220 420 184 48 49 333 244 492 483 50 51 166 54 140 55 56 403 328 167 57 59 215 254 46 228 383 468 60 53 227 61 187 63 64 160 289 379 393 395 65 67 69 266 107 70 71 230 72 73 373 74 75 37 76 78 431 470 331 79 80 307 82 361 24 283 286 178 84 89 90 489 357 92 93 294 127 95 96 285 134 143 97 366 99 91 100 101 102 104 362 302 106 407 290 463 108 110 111 427 429 6 112 275 113 114 125 163 115 58 377 392 120 116 469 159 355 13 33 459 117 500 476 256 260 118 301 121 119 123 222 126 129 130 131 186 132 133 272 15 136 438 137 98 138 139 447 141 425 68 212 142 144 145 282 146 359 297 147 151 148 30 149 246 486 150 135 408 410 180 208 152 109 153 88 154 156 157 281 375 449 335 161 498 162 280 164 477 165 169 170 171 174 172 330 124 85 173 433 77 52 175 62 176 128 177 372 155 179 181 441 158 496 83 183 185 105 23 495 188 47 189 81 168 190 86 192 340
Case #87: Yes
24 1 239 378 491 13 235 429 108 3 142 444 6 7 416 407 22 206 31 9 70 477 10 419 392 19 316 11 12 397 148 8 346 14 15 450 17 176 267 18 23 134 25 479 26 29 28 73 171 80 84 30 475 34 295 257 4 247 307 500 36 37 38 39 325 40 285 41 389 42 237 5 55 157 288 43 240 44 45 425 218 214 61 47 95 373 243 49 50 281 215 160 207 225 434 51 177 330 313 383 53 54 56 57 58 182 69 338 59 60 193 347 376 62 385 411 63 64 138 65 329 66 489 96 149 321 67 216 68 490 292 173 437 377 121 105 153 71 246 178 33 74 75 221 339 76 202 395 164 78 144 79 81 222 194 181 180 151 463 272 470 315 82 83 131 337 86 87 103 88 89 348 455 365 91 135 242 92 21 77 469 394 93 94 97 90 100 85 101 150 48 102 266 104 143 106 201 212 107 265 125 435 327 223 32 499 109 183 126 99 271 252 111 379 369 112 462 200 35 116 133 420 113 114 154 326 115 118 484 119 232 120 318 46 128 388 122 304 139 123 400 124 98 156 129 130 305 137 478 20 132 136 354 141 350 145 421 413 342 424 443 146 16 147 456 152 155 158 430 159 186 110 483 161 195 117 163 349 467 162 165 127 166 320 2 140 196 72 254 468 213 174 269 27 203 52 167 168 241 169
Case #88: Yes
1 2 3 4 202 5 208 6 111 38 7 387 8 92 140 24 9 35 214 10
Case #89: Yes
433 51 73 2 413 102 5 6 338 197 7 9 10 268 13 145 70 432 372 14 18 108 20 21 357 431 186 22 24 25 26 27 242 303 28 285 153 87 29 312 292 30 400 33 34 36 38 39 40 42 43 171 44 218 45 49 442 35 425 50 47 309 52 180 53 54 57 58 59 12 428 436 60 334 360 61 117 62 63 64 23 19 314 405 65 439 67 123 159 69 388 162 396 46 71 384 72 279 342 74 261 77 332 79 333 154 419 271 185 80 81 83 84 85 114 306 86 366 90 221 92 104 93 94 95 96 15 78 447 98 100 107 99 101 103 48 258 350 315 106 109 82 130 97 88 110 111 193 112 116 68 364 118 91 412 399 119 146 203 121 4 122 260 220 31 294 240 124 126 337 251 127 248 368 128 129 125 392 131 134 136 414 137 138 165 120 133 445 173 139 371 235 140 141 142 143 144 147 148 135 66 230 11 16 234 149 150 331 438 151 267 152 155 156 361 157 348 353 158 323 160 163 164 76 166 167 168 113 387 169 170 172 380 237 174 175 383 308 176 177 246 178 161 17 179 311 183 3 182 209 184 37 187 188 189 89 190 191 132 192 194 55 195 196 378 198 199 200 115 41 320 216 181 105 201 8 202 205 206 32 207 278 208 1 210 75 211 329 212 365 213 56 330 344 214 215 430 204
Case #90: Yes
2 231 3 5 8 9 97 11 13 98 14 197 17 39 18 20 249 201 252 26 21 22 89 23 24 28 29 235 30 31 403 32 33 34 60 35 36 37 38 40 336 305 87 41 257 43 344 71 44 293 47 49 45 50 250 51 52 54 55 83 56 42 57 58 124 327 182 61 62 25 63 383 64 15 66 373 6 81 67 357 68 70 314 194 380 73 131 74 253 354 262 85 77 217 386 298 78 277 80 330 245 84 86 88 90 93 94 95 79 101 96 99 311 100 203 133 394 102 121 103 367 321 224 104 105 107 109 214 337 110 112 113 19 114 246 115 116 118 7 119 120 122 136 222 123 126 128 129 130 132 134 135 139 108 140 142 4 302 295 143 144 145 146 195 315 75 137 92 153 200 147 398 141 402 148 171 127 149 150 152 154 155 157 82 158 159 138 371 160 161 46 91 162 312 163 404 164 165 76 209 166 187 48 167 10 168 169 117 230 170 211 172 400 173 174 175 176 178 179 181 183 360 185 188 189 237 192 281 309 53 193 16 196 198 199 204 205 206 207 208 210 268 242 212 215 213 216 346 218 184 151 1 186 190 180 125 219 220 221 12 65 343 256 223 225 226 322 106 227 228 229 232 233 111 391 177 59 365 69 234 236 260 238 202 239 191 72 240 241 243 156 27
Case #91: Yes
1 2 7 3 8
Case #92: Yes
51 1 188 2 3 31 4 5 89 15 214 90 17 181 8 6 178 62 39 184 88 204 22 140 126 199 7 118 25 49 127 218 30 108 57 14 9 206 20 84 170 50 10 68 207 102 106 185 11 130 161 34 179 21 93 71 200 74 12 13 16 54 142 123 211 213 18 19
Case #93: Yes
478 407 4 271 168 480 5 330 90 96 141 499 6 88 9 150 462 449 56 44 10 12 365 302 13 417 179 198 351 490 400 412 99 19 48 270 360 34 20 21 376 296 22 315 8 249 83 337 25 309 26 460 24 46 342 27 399 28 29 362 145 1 33 36 189 143 38 324 89 282 453 226 356 372 39 328 42 112 32 382 142 43 45 119 23 484 121 47 305 133 495 184 427 49 50 238 93 392 66 307 228 113 193 53 414 14 54 204 493 373 55 58 153 59 425 61 62 447 288 63 18 357 475 64 68 159 264 212 69 70 459 206 37 72 73 292 359 419 273 74 424 354 383 258 75 77 81 76 479 65 30 79 285 195 367 191 80 408 199 497 71 180 161 237 82 84 377 369 260 85 395 163 15 2 494 87 52 94 124 156 242 91 92 95 97 439 352 17 256 420 86 103 436 104 275 101 105 485 3 106 107 154 60 325 140 333 149 361 108 406 98 225 487 239 320 109 151 194 464 110 432 491 111 402 114 7 371 188 35 336 115 127 496 458 116 117 118 31 401 387 51 11 291 303 102 123 120 122 227 350 125 126 128 231 40 78 213 183 218 157 384 129 214 41 430 130 131 132 489 100 345 134 243 234 339 454 405 366 219 135 136 67 267 137 286 138 398 139 313 144 146 375 160 346 247 57 16 196 147 298
Case #94: Yes
1 2 3 4 5
Case #95: Yes
422 125 264 1 73 31 393 3 318 6 4 10 356 175 361 12 13 21 15 96 242 16 486 399 383 17 19 104 5 228 336 20 23 25 365 227 276 296 26 92 217 240 29 294 165 127 320 352 239 382 30 56 36 37 259 75 367 249 84 38 39 40 470 22 41 42 43 76 182 44 448 122 45 359 220 163 46 425 47 48 24 49 329 81 241 150 436 50 35 51 258 52 113 53 60 61 62 55 27 363 64 67 68 69 28 71 395 449 384 128 7 200 135 117 72 74 82 77 116 78 57 174 312 79 291 488 224 136 333 260 80 85 86 124 87 414 309 349 88 225 90 93 94 95 434 321 252 167 97 233 279 435 98 284 99 391 416 100 102 374 103 105 463 106 107 108 481 109 269 430 110 173 301 155 263 176 334 112 114 305 70 148 8 274 32 14 315 438 297 115 453 118 119 196 394 451 210 495 221 373 137 483 139 120 327 121 83 123 126 358 408 66 480 409 471 129 130 307 59 308 138 445 476 317 387 236 183 9 131 132 101 147 133 319 134 156 140 141 2 142 63 65 189 216 328 246 143 286 144 250 295 397 265 278 145 331 428 146 256 54 292 164 484 149 151 152 169 33 380 153 154 157 158 159 198 468 160 185 396 195 11 375 209 161 162 58 166 91 168 353 111 170 386 300 89 34 18
Case #96: Yes
2 75 62 3 41 55 339 185 183 4 5 199 77 271 6 9 225 1 10 11 12 56 350 14 21 258 25 205 187 26 13 165 276 27 115 30 53 57 32 33 34 316 38 42 43 20 44 197 45 46 48 18 275 49 326 50 188 182 317 162 51 22 35 52 63 54 58 59 66 67 84 127 69 64 71 233 76 228 61 60 79 80 37 291 82 145 83 85 86 89 88 164 288 259 91 90 92 110 93 97 193 99 234 178 100 98 17 101 102 103 208 104 105 106 107 272 109 116 111 112 114 117 118 119 120 121 122 134 245 124 125 190 126 321 153 96 128 261 129 130 167 131 269 198 133 132 136 309 65 138 139 264 81 141 142 143 144 151 152 155 157 149 158 161 168 169 335 68 170 214 171 172 242 173 148 174 176 181 123 47 186 39 180 150 192 194 113 200 195 236 325 191 334 327 201 202 203 154 204 206 304 209 184 207 210 211 212 36 213 257 29 215 19 241 217 267 159 239 95 300 218 175 219 40 135 146 220 156 320 221 222 282 223 230 224 226 265 227 340 229 231 16 279 338 189 140 232 87 7 72 177 94 160 336 237 137 166 108 260 238 240 299 31 24 243 250 74 244 28 147 246 247 78 73 163 341 23 249 251 235 252 301 349 253 254 255 179 343 256 262 15 263 8 266 196 216 70 324 248 285
Case #97: Yes
4 1 2 3 5
Case #98: Yes
42 1 231 472 115 425 2 82 217 180 94 4 395 5 192 3 140 6 24 7 49 227 8 152 145 9 35 122 278 252 250 257 11 13 15 12 16 462 18 420 430 371 409 80 299 210 360 381 283 52 20 460 22 23 17 25 133 287 26 271 350 27 483 201 87 29 138 56 418 325 91 339 98 411 84 30 108 32 103 47 33 68 131 194 376 34 36 416 259 37 182 38 367 427 154 432 101 301 39 423 208 40 458 41 28 187 378 43 273 44 168 45 46 48 264 50 224 51 53 54 55 10 280 334 161 266 383 355 297 238 488 245 57 397 58 357 14 59 220 213 229 60 62 64 390 497 73 173 171 96 255 222 455 248 413 65 31 290 66 63 117 236 329 276 486 150 446 67 369 479 69 71 72 126 74 241 294 119 75 76 469 77 441 78 206 79 19 453 444 81 124 159 83 89 85 203 86 88 61 90 21 451 92 495 346 93 385 143 70 95 318 311 315
Case #99: Yes
2 234 48 312 3 275 329 335 4 357 265 276 419 334 50 310 175 356 336 491 5 12 6 7 10 244 300 339 484 54 248 350 23 178 243 32 278 47 415 183 156 14 162 33 220 16 296 18 44 411 101 418 215 19 237 21 479 70 467 22 338 25 36 473 71 416 145 39 361 26 28 64 279 189 442 238 251 30 13 139 74 476 174 324 288 218 31 448 214 34 382 35 20 37 38 40 41 254 277 242 60 319 42 45 46 49 53 261 55 56 326 58 368 372 201 59 142 386 432 127 289 61 62 65 138 351 94 123 66 68 264 117 132 303 187 360 1 72 208 283 73 75 51 77 192 362 8 216 9 63 78 76 95 322 315 17 79 24 180 143 80 173 407 421 472 478 403 318 379 232 164 393 81 82 113 83 69 84 425 266 85 200 159 86 281 87 495 88 272 480 299 128 89 90 91 177 440 193 15 231 92 96 11 93 170 97 98 99 331 451 133 295 27 100 161 102 224 348 103 453 321 104 105 106 239 437 365 107 205 108 434 109 298 110 487 111 256 112 67 114 115 116 118 285 341 120 489 420 375 29 169 122 124 43 447 485 57 374 439 430 186 125 126 391 52 260 457 314 327 129 130 345 131 121 227 134 438 294 400 280 377 135 197 158 136 230 185 137 119 140 141 414 471 247 290 452
Case #100: Yes
340 367 405 446 106 109 222 300 1 238 96 43 257 276 444 2 34 134 3 469 4 80 387 5 168 46 81 223 237 158 454 6 205 7 9 103 362 8 236 10 295
Case #101: Yes
1 40 3 192 196 105 136 247 4 177 5 134 9 16 184 17 205 292 216 22 120 23 28 26 259 296 280 27 131 34 110 124 82 37 38 126 25 39 42 253 224 7 44 47 141 51 52 60 33 59 276 83 62 64 99 130 270 244 116 57 65 92 66 67 273 73 230 76 58 79 80 84 86 89 21 91 94 41 43 201 95 198 97 156 100 219 101 106 121 88 255 108 109 114 194 293 297 150 245 176 115 117 254 207 161 119 144 208 240 31 122 172 125 129 132 87 189 8 166 70 98 133 165 202 246 135 225 112 138 277 142 93 239 128 260 118 264 54 143 210 294 145 11 151 152 153 158 20 159 113 15 111 148 179 46 162 164 180 140 231 248 168 96 181 30 175 223 45 170 171 262 56 2 174 29 123 35 103 13 178 69 10 183 160 186 104 169 139 187 72 193 204 209 77 299 212 48 19 190 214 218 220 221 227 237 167 228 14 75 232 233 286 234 157 149 235 236 241 242 55 50 278 200 243 282 226 90 49 249 251 238 275 61 188 185 81 252 256 211 257 263 182 127 68 102 173 24 298 71 155 195 154 266 53 191 199 6 267 258 197 18 32 265 229 268 12 250 269 271 213 272 74 289 146 274 147 222 279 281 203 283 215 36 284 285 291 287 206 163 85 63 107 288 78 217 137 290 301 261 295
Case #102: Yes
1 2 186 286 21 3 7 8 11 180 275 288 473 13 15 414 191 16 458 17 20 404 24 10 25 318 26 27 22 243 50 259 28 29 397 386 30 31 32 33 401 35 46 169 36 37 495 38 39 40 9 41 42 43 44 73 68 45 47 48 49 52 67 301 149 53 54 413 325 406 213 411 334 55 56 66 57 58 34 279 59 219 298 60 231 5 402 440 61 328 62 63 64 340 65 69 101 112 314 317 71 353 72 229 74 75 76 77 481 78 80 81 280 82 429 251 83 19 84 87 88 144 258 90 92 93 162 380 95 118 316 352 205 291 132 96 273 456 123 97 225 98 173 212 244 99 100 102 376 104 105 496 106 262 109 110 111 113 358 114 253 271 425 115 116 416 460 117 119 120 248 238 455 127 161 189 121 300 122 124 439 203 125 405 163 448 6 126 335 108 128 130 131 133 139 282 135 399 14 363 136 137 364 138 140 103 141 91 142 85 449 303 351 347 394 143 145 433 146 147 247 266 277 70 462 148 171 378 150 220 287 152 226 4 195 153 154 228 129 382 107 155 206 178 468 156 157 403 415 158 499 159 160 166 333 167 86 489 168 170 134 94 295 172 51 434 436 174 165 175 217 177 164 207 179 12 79 181 306 176 182 183 452 184 192 89 23 185 187 188 365 151 18 202 190
Case #103: Yes
1 2 176 179 486 3 14 4 329 7 396 8 32 57 461 366 10 315 211 297 199 472 309 13 16 17 18 349 414 283 19 440 225 395 20 247 21 22 23 25 208 26 334 389 27 135 378 287 29 457 328 302 31 33 35 55 327 37 39 473 425 40 41 43 36 129 44 45 46 133 110 172 427 47 48 30 382 267 49 50 194 88 51 53 54 406 12 73 325 59 60 63 381 408 229 65 66 109 67 68 69 70 94 72 75 76 77 169 58 105 79 361 80 81 82 84 436 85 61 355 353 107 86 342 87 90 140 118 91 95 431 96 97 423 310 98 374 430 99 358 188 100 399 206 479 193 101 215 102 146 410 450 103 104 205 311 257 106 108 111 112 113 115 116 117 120 119 444 240 121 295 122 6 216 38 123 483 62 124 125 369 165 363 384 71 127 272 92 320 128 233 130 126 132 134 136 137 138 139 437 390 9 141 142 143 144 93 264 265 15 145 147 148 56 160 485 286 322 347 149 150 299 5 314 262 356 64 438 151 152 191 153 154 155 83 166 156 28 157 411 114 158 159 317 42 246 274 275 161 333 162 163 164 74 449 167 168 273 244 78 476 170 305 346 89 171 173 174 175 34 415 177 52 178 180 181 182 131 183 184 185 24 186 326 189 190 192 243 195 296 261 196 293 187 197 198 245 463 11 200
Case #104: Yes
80 305 1 264 2 18 3 5 332 254 6 86 426 23 471 253 411 7 88 10 90 11 133 12 13 243 14 120 109 54 15 40 321 389 269 373 396 17 20 298 331 22 24 338 340 217 25 222 27 28 29 30 32 33 34 35 162 8 46 36 37 413 350 214 38 39 81 43 44 45 47 48 9 49 51 204 52 55 390 431 95 57 58 59 61 62 367 63 364 64 42 65 66 67 68 70 71 72 73 96 180 128 74 75 76 77 333 41 78 79 82 84 85 405 87 89 329 382 238 91 92 466 93 94 283 97 98 99 393 349 239 100 101 368 102 103 165 21 323 104 105 341 353 106 107 108 53 110 308 122 111 50 278 112 113 145 114 135 178 115 117 241 118 144 119 395 121 465 123 124 447 125 372 173 197 227 126 129 404 130 131 446 435 170 132 302 134 136 138 153 139 326 140 141 464 142 228 143 146 184 147 116 251 344 148 149 190 150 151 286 154 383 155 245 157 158 488 201 483 159 160 161 462 163 319 152 127 83 266 164 166 156 167 168 169 296 171 172 174 376 175 176 177 179 16 181 182 472 342 183 60 185 220 186 260 456 56 187 362 375 188 189 358 352 191 246 137 482 192 193 256 194 4 31 195 196 198 199 200 26 69 202 203 205 206 218 257 207 208 209 210 211 212 19 213
Case #105: Yes
1 2 4 10 6 5 3 7 8 11 12 9
