Case #1: Yes
493 109 9 422 208 372 97 172 258 46 51 133 321 304 298 342 69 499 410 360 481 254 416 73 141 80 282 419 110 3 173 411 274 11 55 399 429 490 362 369 465 211 317 387 331 394 432 376 228 351 364 343 130 96 56 347 264 322 6 461 126 50 10 25 359 265 160 392 121 262 68 373 462 473 442 94 13 320 357 391 252 253 177 275 381 468 380 417 288 102 58 290 63 293 232 103 35 355 76 17 23 14 430 401 112 237 312 145 220 238 329 261 21 472 233 456 15 100 243 383 438 171 8 421 5 119 27 129 18 138 144 332 306 54 485 302 463 111 151 128 36 283 72 286 146 7 223 374 215 60 255 161 289 53 277 482 375 299 209 176 450 353 294 32 356 354 323 315 270 402 197 217 350 117 358 221 453 413 451 303 30 249 166 164 251 19 85 259 313 20 379 314 26 344 24 279 22 272 174 12 333 335 134 150 487 57 154 227 90 231 449 278 245 157 455 479 170 337 92 488 4 236 131 447 287 88 62 115 16 452 263 346 378 219 84 273 436 464 300 393 319 235 267 114 38 61 395 467 124 33 82 1 198 185 439 386 31 437 123 108 460 242 441 39 186 95 2 139 222 120 29 370 371 91 301 352 285 325 244 147 495 260 142 276 101 440 246 400 448 28 229 334 44 81 116 328 45 382 214 365
Case #2: Yes
1 2 500 3 4
Case #3: Yes
192 352 382 353 121 321 2 131 5 97 7 299 325 51 362 196 9 13 58 341 11 96 154 175 361 172 330 50 100 52 261 224 256 245 266 185 269 73 103 168 123 309 23 181 137 303 311 178 98 32 195 377 169 17 285 356 18 348 267 291 369 132 29 31 22 35 26 21 159 36 149 193 78 308 340 249 217 37 302 27 56 297 257 151 25 112 14 331 105 296 59 143 314 106 265 277 39 310 124 339 210 116 250 120 234 367 63 368 133 189 381 161 351 41 33 208 201 260 335 396 93 74 16 3 392 237 40 275 226 30 34 153 135 324 174 179 336 355 284 8 209 244 236 282 315 379 6 371 232 101 290 104 54 156 363 365 378 10 43 300 391 231 358 19 70 360 55 225 304 312 357 194 20 95 45 322 157 216 125 1 281 207 12 86 350 202 28 394 38 118 349 145 42 376 15 184 127 305 283 136 370 138 177 79 214 270 213 171 186 24 190 115 4
Case #4: Yes
246 396 44 344 126 70 206 397 1 245 3 395 205 69 167 2 83 36 355 247 365 4 18 345
Case #5: Yes
108 100 152 83 1 351 22 11 338 229 329 191 270 165 157 306 250 245 151 214 63 193 336 66 15 271 256 350 27 206 300 257 43 342 195 9 134 231 142 4 288 99 264 335 164 45 266 345 87 328 73 207 3 348 78 324 91 107 82 301 330 210 8 48 53 65 307 162 295 145 76 75 88 72 259 218 39 92 98 227 33 102 109 258 232 319 156 125 184 2 298 194 121 51 190 68 213 52 56 89 85 318 179 239 64 284 26 320 242 42 118 126 247 205 90 305 18 20 147 130 212 71 141 122 7 178 327 289 31 123 226 176 61 217 321 124 35 128 188 317 224 197 240 144 129 5 154 163 177 94 228 290 79 146 24 347 114 57 97 131 187 354 153 352 314 84 25 101 106 180 200 254 322 115 208 21 216 326 223 269 6 95 74 215 265 339 86 296 249 225 103 17 140 312 29 238 283 116 143 252 185 244 93 299 263 105 67 349 211 49 333 169 127 13 243 117 32 353 331 104 181 343 261 38 34 234 120 16 50 55 198 96 160 62 46 132 54 36 251 133 294 119 309 241 23 70 201 170 59 203 58 137 69 138 60 113 41 311 30 161 341 12 28 44 262 10 149 246 255 40 346 110 235 209 297 77 135 14 268 183 80 81 192 47 310 150 139 37 19 136 267 148 112 291 202 315 111
Case #6: Yes
1 2 3
Case #7: Yes
6 1 2 3 5 9 11 10
Case #8: Yes
209 341 14 162 154 419 135 123 157 78 28 255 217 367 381 268 216 200 26 313 388 316 95 202 423 22 405 428 310 58 80 289 286 50 459 175 374 323 321 1 47 449 425 237 156 139 347 291 276 176 407 90 171 187 79 188 333 77 41 232 127 122 351 5 38 412 386 273 222 51 372 329 436 129 368 182 413 21 206 272 214 35 172 197 362 179 121 82 444 292 451 349 210 166 360 295 312 387 183 259 342 87 260 73 234 269 384 457 8 104 199 43 20 101 305 284 332 432 344 371 346 244 410 198 253 350 16 263 365 246 441 256 358 426 330 108 418 406 132 185 9 17 212 328 397 249 203 251 106 380 296 66 383 37 6 55 221 417 85 160 49 233 120 159 10 304 111 91 163 19 124 126 173 161 382 68 24 145 235 3 143 48 11 258 450 430 186 401 228 324 99 112 150 42 376 337 353 23 370 109 320 88 285 69 140 402 373 94 420 144 18 25 27 7 355 83 325 364 443 282 462 345 361 13 134 148 338 114 205 36 97 311 4 224 201 437 184 240 103 32 133 96 433 327 60 53 207 229 31 357 74 33 247 277 252 215 54 137 167 356 12 245 100 146 196 377 354 67 138 56 164 45 275 440 352 219 336 125 86 15 211 2 463 278 152 395 270 267 128 317 70 326 223 359 264 218
Case #9: Yes
2 3 4 6 7 5
Case #10: Yes
1 2 3 4 5 6 7 8 9 10 11 12 13 14 15 16 17 18 19 20 21 22 23 24 25 26 27 28 29 30 31 32 33 34 35 36 37 38 39 40 41 42 43 44 45 46 47 48 49 50 51 52 53 54 55 56 57 58 59 60 61 62 63 64 65 66 67 68 69 70 71 72 73 74 75 76 77 78 79 80 81 82 83 84 85 86 87 88 89 90 91 92 93 94 95 96 97 98 99 100 101 102 103 104 105 106 107 108 109 110 111 112 113 114 115 116 117 118 119 120 121 122 123 124 125 126 127 128 129 130 131 132 133 134 135 136 137 138 139 140 141 142 143 144 145 146 147 148 149 150 151 152 153 154 155 156 157 158 159 160 161 162 163 164 165 166 167 168 169 170 171 172 173 174 175 176 177 178 179 180 181 182 183 184 185 186 187 188 189 190 191 192 193 194 195 196 197 198 199 200 201 202 203 204 205 206 207 208 209 210 211 212 213 214 215 216 217 218 219 220 221 222 223 224 225 226 227 228 229 230 231 232 233 234 235 236 237 238 239 240 241 242 243 244 245 246 247 248 249 250 251 252 253 254 255 256 257 258 259 260 261 262 263 264 265 266 267 268 269 270 271 272 273 274 275 276 277 278 279 280 281 282 283 284 285 286 287 288 289 290 291 292 293 294 295 296 297 298 299 300
Case #11: Yes
1 3 209 125 7 257 212 9 250 489 204 105 11 14 106 19 150 413 4 80 388 88 411 167 117 153 409 168 281 453 233 126 234 302 18 210 320 15 139 31 287 178 387 20 402 75 472 138 357 438 205 22 293 8 90 17 380 471 268 23 99 254 294 21 104 301 403 2 443 422 81 366 282 316 6 235 468 358 211 245 444 273 288 321 225 455 452 435 32 272 16 24 142 467 267 312 25 454 490 247 379 169 155 118 251 246 12 421 87 319 13 410 313 224 314 158 494 5 10 73 181 98
Case #12: Yes
364 268 459 399 259 5 252 461 31 428 145 230 133 429 103 262 163 8 118 311 353 356 460 201 350 17 416 284 456 154 20 218 365 36 23 401 6 260 248 55 142 445 45 164 345 26 58 7 493 108 152 455 114 255 403 427 387 180 24 306 488 196 81 394 21 43 338 372 138 480 408 18 277 497 212 86 386 193 166 223 246 3 409 463 15 379 67 27 141 134 321 300 318 10 323 59 326 158 178 249 197 369 271 91 124 38 479 97 253 358 482 199 169 440 139 54 74 411 219 402 327 32 12 210 240 125 170 14 11 382 239 82 228 269 359 371 400 324 296 395 50 29 47 355 150 464 194 90 274 126 485 354 484 373 439 329 167 492 116 202 144 41 16 307 431 404 305 189 448 35 100 151 420 25 117 315 33 204 51 295 113 435 498 232 52 46 299 452 128 398 325 375 2 319 414 322 89 304 419 98 279 22 418 191 30 127 231 96 37 286 156 281 106 92 478 9 314 76 39 276 444 328 19 181 320 198 247 406 443 65 211 172 99 42 4 451 272 333 224 261 136 378 68 337 115 332 273 312 474 486 229 317 405 159 380 60 28 48 469 75 413 473 83 434 40 256 238 225 499 275 270 339 13 1 336 214 179 468 481 34 173 109 475 95 110 374 66 227 205 421 206 263 213 396 472 432 104 407 258 491
Case #13: Yes
472 208 262 410 345 152 286 382 188 133 477 2 237 150 300 200 319 7 31 45 379 73 445 270 261 462 324 475 110 342 402 193 106 428 358 217 421 317 14 368 236 9 17 292 346 99 140 32 478 311 348 316 20 189 144 265 162 22 246 499 334 70 424 352 372 474 25 279 23 294 1 28 364 86 33 47 293 373 26 190 130 457 127 216 276 493 439 444 278 498 344 3 154 395 139 83 452 305 327 453 362 458 58 263 394 463 91 375 113 107 271 408 117 412 416 470 247 490 464 248 423 425 198 229 383 378 53 11 211 429 438 76 369 240 94 48 245 171 57 420 143 435 80 407 90 299 269 297 24 398 37 214 496 51 287 273 355 180 15 281 363 138 55 280 135 495 145 471 483 71 54 79 30 403 298 307 175 415 128 249 212 476 68 12 359 360 72 390 226 134 482 400 136 385 151 434 376 244 18 194 6 98 174 232 252 322 102 228 308 258 69 199 5 35 460 183 13 4 480 486 469 310 27 77 100 222 221 157 333 343 419 50 29 487 354 21 361 159 396 323 16 288 220 156 46 36 411 404 39 414 19 207 430 347 213 242 187 93 10 129 250 353 443 8 384 87 314 275 405 49 163 374 406 81 238 243 302 254 112 122 422 111 370 446 137 34 121 409 172 492 489 227 116 466 296 326 431 56
Case #14: Yes
481 278 223 320 132 3 185 139 13 232 15 379 351 421 79 404 19 21 221 25 308 91 479 62 300 29 287 168 484 242 303 255 391 205 433 12 17 131 133 186 31 34 217 179 485 36 57 247 224 110 380 196 477 76 35 100 282 376 397 469 143 39 319 265 37 424 45 239 42 268 77 222 38 68 321 47 315 51 137 163 284 478 314 20 266 28 48 8 55 111 59 398 18 61 16 253 467 67 277 71 486 342 56 140 291 458 334 80 82 386 237 204 26 452 263 86 157 279 43 74 244 257 254 60 88 144 423 385 120 360 101 136 409 155 457 69 299 64 218 23 288 463 90 175 52 10 2 70 94 156 66 276 46 318 1 368 419 158 96 238 98 227 50 302 197 435 32 149 73 444 53 6 346 54 109 410 405 75 317 126 104 240 187 106 203 483 162 258 78 338 443 108 333 30 102 468 335 95 169 92 81 113 309 5 292 138 112 87 97 369 252 370 41 413 65 392 184 99 33 417 147 150 243 130 176 264 246 256 121 44 372 231 115 117 170 83 63 118 84 202 11 9 377 116 89 27 93 22 148 322 381 241 125 119 114 189 361 40 393 345 451 122 58 107 49 271 285 453 331 272 337 259 352 225 462 465 85 343 105 289 470 219 14 72 103 7 228 180 267 412 251 301 281 328 220 406 24 4
Case #15: Yes
4 6 3 7 5
Case #16: Yes
211 189 250 137 332 320 301 382 115 253 40 329 363 404 327 354 288 265 46 409 235 90 194 230 1 208 44 457 361 79 237 257 174 7 345 18 182 78 3 193 326 180 380 435 186 284 170 43 469 69 277 93 60 107 14 206 339 360 364 21 335 203 4 458 23 97 192 252 468 95 227 101 333 145 493 407 19 35 251 179 197 368 437 426 316 266 325 309 381 27 486 68 355 268 9 108 104 26 234 29 269 37 169 28 415 42 259 283 302 396 184 109 15 91 124 417 422 261 482 32 16 190 38 150 73 424 485 338 45 369 55 297 50 80 53 144 452 461 425 121 129 2 371 8 398 271 201 418 217 114 411 85 54 84 273 13 98 453 39 298 287 389 58 65 475 296 34 390 322 86 323 340 202 63 36 62 130 116 48 449 64 492 52 156 57 100 462 136 12 342 158 22 61 263 383 56 6 341 270 336 312 33 400 233 308 413 491 196 478 311 70 11 229 430 168 423 346 403 231 432 41 66 198 117 353 123 443 128 228 181 328 71 384 490 278 254 438 10 31 102 212 218 450 25 379 427 255 47 5 399 127 125 166 49 191 317 483 187 286 173 378 67 183 24 51 59 388 299 258 370 476 313 74 99 373 442 289 238 408 30 20 377 429 479 421 318 72 17 149
Case #17: Yes
1 2 10 3 20 21
Case #18: Yes
326 494 8 420 277 224 249 120 240 74 1 71 183 178 72 214 385 384 18 98 472 213 330 144 52 370 119 125 84 482 456 243 463 33 245 22 4 272 417 117 114 390 158 2 12 132 426 131 47 68 469 75 86 351 367 238 66 27 7 410 112 13 229 430 160 366 345 51 356 155 209 337 10 85 486 459 20 428 460 3 225 208 53 368 325 310 333 45 70 295 493 254 78 391 429 293 136 42 297 23 173 492 289 168 342 362 491 28 451 49 437 282 31 358 281 274 464 194 422 234 204 425 359 118 35 212 363 9 113 489 352 63 284 88 147 58 307 5 283 253 380 64 19 37 21 32 303 379 30 17 291 93 354 405 215 334 378 39 11 442 415 189 179 257 441 135 167 40 200 15 156 57 419 262 126 38 316 16 421 461 306 73 97 175 226 104 408 154 36 250 375 477 191 457 447 101 65 394 416 318 196 184 145 216 311 458 304 41 83 488 341 411 499 364 340 148 498 474 236 327 6 24 484 305 172 452 285 69 299 217 414 481 14 177 331 34 137 181 43 444 79 377 436 435 228 386 427 29 471 393 54 233 203 260 373 26 406 383 450 409 371 231 273 153 193 190 438 82 276 468 162 487 89 161 230 171 201 336 100 237 462 94 244 445 187 302 199 239 449 261 44 25 434 81 309
Case #19: Yes
8 1 2 3 5 6 9 7
Case #20: Yes
255 256
Case #21: Yes
260 291 490 231 6 1 453 10 5 186 391 438 8 298 7 270 190 168 399 12 232 269 474 184 194 18 20 334 24 463 261 239 26 257 460 179 28 363 30 230 192 34 145 109 16 392 205 110 219 368 74 253 36 38 169 141 425 415 267 40 42 31 13 55 308 3 44 185 27 373 218 413 32 416 15 117 47 45 208 49 444 268 53 224 344 207 58 254 333 61 108 107 439 360 489 11 304 9 132 59 104 323 75 386 35 435 189 142 345 139 64 54 390 245 188 130 348 213 485 48 394 29 400 14 204 127 332 434 445 71 105 65 63 25 294 99 128 476 135 251 349 62 43 455 214 66 72 475 305 235 426 234 454 52 56 60 271 187 365 437 377 22 41 50 229 33 116 338 129 39 125 414 51 339 21 175 124 408 297 246 76 126 385 222 131 459 237 362 103 374 37 378 289 395 292 98 57 91 23 46 486 90 2 202 201 147 209 19 149 427 146 225 67 290 143 136 4 407 210 359 17 306 295 446 452 322 443 389
Case #22: Yes
46 215 55 125 1 323 5 461 32 229 147 75 448 223 7 9 128 110 347 105 286 459 288 15 265 496 19 78 401 365 54 383 457 291 417 252 57 64 124 16 28 4 322 327 181 30 31 142 68 34 36 176 37 364 391 41 168 47 51 129 403 59 160 466 231 290 167 2 60 228 116 62 71 326 11 438 416 296 406 330 114 66 40 418 259 144 435 49 287 115 73 495 52 42 264 456 437 269 220 44 135 359 161 88 123 494 77 367 50 422 72 83 148 360 172 162 187 117 26 379 94 85 476 230 295 20 343 188 304 486 193 261 109 441 14 339 458 13 342 163 436 70 80 61 90 355 3 127 25 419 27 421 377 21 337 92 289 93 82 402 91 48 442 348 335 180 152 12 492 305 134 45 96 84 474 485 143 33 346 98 349 43 186 100 8 87 102 86 192 467 276 279 106 462 101 244 108 393 329 369 420 382 151 65 338 275 245 38 165 334 270 368 194 237 449 425 118 22 390 104 10 111 394 424 53 350 113 280 460 155 39 253 211 136 76 141 29 178 6 303 354 407 67 74 256 97 112 120 79 122 331 363 468 35 235 56 63 212 18 119 257 89 131 156 234 189 58 81 17 221 132 423 182 214 137 133 69 99 23 138 372 373 222 385 260 130 240 121 469 126 103 107 361 95 24 210
Case #23: Yes
144 295 91 1 167 230 237 36 127 228 9 10 12 235 14 140 153 22 168 160 229 40 217 11 128 27 206 256 204 62 50 225 58 68 142 66 70 72 86 165 76 4 151 78 38 208 108 145 222 297 196 6 84 95 101 274 172 73 41 213 121 98 88 207 190 43 289 57 284 106 56 114 202 129 74 221 122 67 169 276 205 231 155 100 260 79 149 69 277 306 124 132 71 164 219 97 15 137 23 134 210 304 118 110 115 138 59 49 33 53 8 158 7 184 309 85 5 63 176 187 286 55 296 162 26 194 197 16 31 13 87 200 119 42 48 199 109 29 263 215 269 174 223 105 192 180 28 227 233 99 275 117 20 46 270 96 243 61 89 238 94 240 146 80 293 18 247 251 249 171 253 45 143 81 51 159 44 47 179 181 154 255 3 136 218 261 173 177 308 163 216 185 30 131 65 21 234 152 262 232 60 25 39 248 147 130 64 224 265 252 19 301 17 258 302 236 298 241 175 257 120 212 259 135 102 226 2 126 186 244 54 189 77 32 107 156 267 220 201 178 264 125 193 111 203 83 141 198 303 93 75 161 246 34 266 242 290 123 307 182 183 281 90 148 139 271 268 273 113 272 214 104 157 209 280 112 292 116 283 37 239 188 103 35 133 287 150 82 166 211 92 195 24 191 250 245 254 170 52 278
Case #24: Yes
47 71 225 391 150 21 148 3 386 252 69 312 390 377 399 307 112 151 5 7 454 83 407 261 247 376 20 468 380 99 15 17 130 169 30 338 477 122 95 303 28 341 285 245 495 104 249 273 256 98 282 210 143 284 431 293 183 280 406 350 379 215 103 13 333 84 480 202 35 176 311 16 39 494 155 102 78 461 168 1 443 45 487 49 203 301 2 269 451 351 219 356 268 149 319 241 40 455 322 216 8 101 243 255 170 372 375 232 177 334 476 355 398 57 331 260 366 51 458 93 53 11 378 82 328 389 327 68 316 469 121 77 332 55 410 50 242 287 185 6 4 42 94 60 416 171 62 267 64 31 348 52 165 127 24 12 335 145 481 471 114 70 196 339 33 308 156 358 43 264 142 384 392 110 281 10 324 320 433 472 444 357 56 137 396 172 314 26 342 286 457 109 136 263 220 197 424 107 37 116 129 184 371 489 413 124 22 115 164 449 412 488 278 467 302 44 211 365 72 195 381 270 46 9 38 446 414 288 428 87 187 224 65 227 23 106 179 492 340 486 466 277 415 32 73 175 432 123 36 25 18 61 173 397 41 59 298 427 349 27 48 364 228 323 315 292 226 111 34 14 19 58 485 221 63 128 181 387 236 88 491 186 178 29 272 447 54 146 425 325 251 313 131 383 126
Case #25: Yes
356 296 386 44 261 3 288 360 264 425 155 90 477 343 86 111 417 76 347 456 295 165 85 118 354 75 253 298 14 323 2 311 234 176 8 483 466 218 345 500 286 5 271 329 428 175 28 276 65 204 294 73 206 59 381 146 465 361 13 52 129 81 181 279 473 290 398 126 58 144 497 396 270 115 314 280 399 287 222 127 324 272 153 440 266 198 376 18 68 108 130 200 285 316 225 227 475 109 406 110 125 169 387 310 60 138 143 216 274 359 262 54 96 451 291 357 478 436 403 154 101 56 213 166 305 241 10 22 447 263 429 78 407 304 131 419 268 9 43 187 230 350 201 442 157 486 458 203 112 366 12 349 128 6 322 484 431 355 258 205 7 51 245 481 212 121 474 171 16 297 368 55 339 95 19 315 471 312 321 418 480 289 402 265 15 74 199 107 464 335 384 267 334 132 228 34 416 105 328 251 182 404 91 375 89 235 243 117 135 104 29 113 457 460 102 247 482 246 495 11 427 390 342 84 167 48 320 64 412 80 21 256 158 4 420 61 210 363 414 36 20 424 362 432 147 134 63 459 338 145 309 446 472 242 79 388 252 463 33 303 196 1 32 257 140 293 186 47 397 53 413 393 156 152 35 193 394 470 180 122 269 150 211 450 435 240 308 168 494 317 430 383 389 31 377 17 326 378
Case #26: Yes
101 75 270 116 167 341 163 5 327 381 64 457 7 263 189 32 322 232 9 244 164 422 157 26 499 496 320 6 463 207 490 21 340 27 33 405 237 25 113 57 38 233 23 437 174 48 473 228 307 310 150 67 16 483 238 44 49 384 258 118 109 34 45 371 125 52 80 173 204 484 10 188 55 439 399 356 29 50 123 83 11 395 219 177 431 14 136 344 203 289 172 475 165 379 154 126 198 432 417 15 259 220 61 17 158 46 365 65 248 262 343 192 81 79 208 77 93 156 18 461 471 82 181 199 447 3 134 160 137 13 20 145 28 144 124 319 404 328 487 493 182 257 85 86 249 236 247 474 147 430 151 494 465 435 43 445 272 39 268 191 281 292 66 456 309 346 8 306 261 367 60 112 166 235 266 286 22 337 479 444 372 159 99 476 278 53 41 385 464 478 215 110 90 373 489 68 24 345 58 155 287 352 98 334 214 304 170 19 378 70 438 468 72 323 114 355 459 4 421 62 76 162 389 250 283 440 142 467 239 176 73 210 88 54 186 396 462 234 260 153 280 429 74 472 230 51 418 187 36 288 78 206 115 102 63 336 229 242 161 392 37 138 42 175 329 12 40 35 1 434 96 119 141 282 71 383 303 31 30 335 135 398 87 291 353 146 47 419 56 277 342 59 202 69 84 267 406 2 269 89
Case #27: Yes
208 466 475 19 286 224 333 399 485 233 76 77 1 320 40 204 137 3 75 219 319 4 78 335 378 65 353 234 497 461 283 279 340 2 220 278 55 5 18 341 368 6 400
Case #28: Yes
9 316 104 37 164 315 343 134 310 8 193 140 257 64 495 171 26 484 357 256 440 480 119 225 370 125 416 390 110 113 336 325 76 170 319 158 385 412 258 478 57 90 348 63 456 469 233 126 369 500 75 53 323 120 267 442 144 331 362 220 308 200 403 437 328 396 305 320 243 287 449 276 290 41 254 29 351 318 249 212 109 327 174 21 493 468 365 205 270 131 191 19 445 260 496 5 393 226 122 207 284 466 425 195 58 407 306 101 354 51 311 398 221 470 28 223 476 353 454 455 463 34 118 298 133 10 347 208 244 42 194 417 265 487 189 314 152 98 472 333 102 382 424 297 55 292 23 477 423 273 422 72 180 20 36 268 146 94 181 420 67 177 397 446 230 399 247 366 209 386 373 213 204 31 444 324 132 117 436 217 229 418 342 219 296 303 251 87 378 123 99 56 24 52 300 108 430 161 428 486 286 242 372 313 105 13 44 494 421 39 201 335 299 380 192 234 150 127 439 62 81 96 474 160 406 344 413 33 371 188 74 78 206 283 246 210 321 48 237 352 43 471 240 450 7 411 394 84 322 215 88 384 252 274 45 282 339 143 309 401 408 103 479 135 294 497 295 176 211 115 409 68 165 452 85 438 65 278 183 30 151 329 71 250 69 15 261 97 426 59 238 361 340 368 235 17 116 185 498 107
Case #29: Yes
271 72 178 157 3 67 291 10 28 306 13 42 127 194 96 171 234 46 94 230 202 272 7 48 58 52 54 287 134 106 84 273 95 203 34 241 250 143 254 307 12 237 64 23 68 92 179 166 109 98 138 78 294 253 173 300 256 116 233 246 146 80 140 252 159 74 121 269 2 248 20 62 207 86 149 50 175 5 266 102 17 49 110 238 193 9 21 77 73 304 47 199 229 148 201 90 126 33 18 135 132 188 268 11 286 105 40 242 118 128 133 293 130 275 123 101 144 152 155 283 35 251 115 154 22 218 1 310 162 282 82 164 213 124 147 145 85 100 168 31 180 240 299 219 156 210 214 200 245 308 208 185 190 60 19 170 139 89 206 183 129 122 191 153 186 111 215 59 196 197 141 125 83 292 235 259 187 261 97 91 223 81 136 61 88 265 284 209 198 163 274 225 184 311 227 158 220 107 69 270 205 165 195 44 288 212 51 189 217 231 305 247 262 27 131 236 258 75 137 264 8 45 204 114 267 117 103 174 14 167 192 181 260 176 172 41 226 255 37 24 56 108 182 25 4 280 285 151 71 177 26 38 222 99 76 87 43 6 224 112 32 39 55 119 228 113 249 150 279 79 276 29 244 30 257 142 169 263 66 120 16 36 277 57 161 160 309 104 221 53 239 232 243 211 15 93 70 65 63 216
Case #30: Yes
374 42 405 392 464 489 24 452 275 492 3 43 5 236 9 311 271 246 8 263 446 93 314 21 445 96 451 84 139 104 420 123 299 118 221 390 99 366 300 335 112 49 387 41 261 320 79 179 156 498 108 312 206 15 418 170 2 413 111 290 274 482 155 30 13 31 226 230 270 422 260 52 430 386 397 1 38 176 171 195 97 477 378 485 327 199 339 251 98 391 267 196 245 63 497 435 438 7 352 54 184 138 130 448 190 166 244 315 168 369 163 317 439 358 423 396 11 215 279 427 478 27 428 19 440 189 395 484 133 425 491 198 281 353 81 23 450 393 460 280 284 18 109 214 302 467 91 262 127 253 218 191 20 137 338 4 310 157 119 210 370 461 340 116 207 334 162 377 69 144 192 248 10 200 224 209 254 383 318 389 385 223 178 142 39 148 14 296 59 110 22 490 169 361 77 344 365 382 47 375 73 250 414 186 122 449 309 48 394 208 167 499 158 242 237 25 313 83 125 487 403 107 459 424 143 294 64 26 324 175 101 62 16 74 141 185 183 319 265 205 481 180 60 40 106 28 6 238 278 388 131 181 421 269 121 29 285 136 412 486 72 321 308 465 345 124 17 68 32 160 147 416 384 128 417 406 295 65 415 161 134 231 433 368 341 437 343 105 436 201 241 367 239 402 37 117 291 219 297 12
Case #31: Yes
134 1 135 461 4 2 431 19 386 186 9 161 480 202 18 232 26 482 484 265 52 6 382 368 347 15 180 3 371 333 420 262 102 485 355 89 166 23 218 352 160 245 300 123 311 284 276 403 163 146 354 292 441 312 25 219 124 264 80 299 136 28 394 266 402 40 337 341 67 176 30 188 42 430 114 86 96 138 46 384 294 458 79 235 32 451 452 481 11 50 335 100 137 56 55 486 93 207 58 38 390 470 148 140 21 307 340 293 328 53 49 323 467 60 428 424 422 119 59 17 411 346 95 151 84 157 393 291 259 35 99 36 183 227 88 150 29 406 181 62 78 154 334 162 436 27 309 412 45 110 407 233 103 416 111 316 242 66 372 194 152 308 64 68 365 322 468 169 270 31 37 178 177 206 7 288 462 54 351 374 345 191 192 83 385 413 117 261 203 421 122 324 267 71 115 131 429 63 92 187 73 47 70 34 72 409 200 39 471 190 44 254 74 492 442 283 76 310 359 20 51 364 132 399 456 325 269 487 87 410 149 243 315 397 447 483 195 61 69 43 75 10 491 113 465 82 156 289 165 5 205 336 327 24 8 164 285 237 277 13 189 65 367 141 448 217 395 437 22 360 77 490 210 12 120 33 182 167 450 16 419 493 226 14 255 211 241 143 48 81 41 145 466 209 57 414 142 348 260 196
Case #32: Yes
1 313 400 425 6 124 223 165 8 340 10 84 310 318 125 361 187 392 421 41 326 416 380 267 81 70 264 323 75 17 259 19 93 367 131 210 329 21 168 330 402 79 387 191 300 87 166 230 364 334 337 355 265 406 23 71 432 258 29 95 222 418 142 169 440 22 2 188 35 37 38 91 11 442 120 214 59 28 365 16 34 3 62 344 333 261 373 24 431 116 7 343 115 304 433 352 311 441 398 43 226 67 397 130 339 319 372 295 196 192 417 199 232 161 328 360 338 235 92 157 160 359 47 283 128 5 49 55 148 12 74 426 57 61 423 64 419 375 18 246 213 346 46 234 260 447 301 98 309 292 179 97 266 280 132 294 438 141 297 112 401 164 391 111 215 58 303 183 247 83 60 286 143 65 345 428 354 147 36 48 66 229 388 394 443 27 20 86 14 420 255 63 386 217 127 389 15 193 69 9 72 298 26 308 4 390 209 203 129 291 366 146 385 211 254 52 253 156 113 353 51 126 190 218 50 263 413 185 427 167 39 243 33 296 56 31 178 257 282 100 103 250 268 68 412 99 133 90 184 279 78 94 109 262 25 73 327 376 144 404 293 45 434 435 446 30 40 312 151 44 53 122 369 347 145 80 299 54 368 102 357 302 384 236 336 379 244 251 13 42 212 439 32 76 227 322 415 448 204
Case #33: Yes
259 63 146 10 1 232 338 485 93 137 6 481 308 12 83 42 311 16 18 436 428 364 20 22 231 15 4 444 324 110 394 242 94 150 19 205 501 30 312 475 493 147 386 217 326 11 176 383 372 432 463 350 269 164 368 285 24 331 130 335 28 144 33 272 70 334 215 32 8 288 50 85 135 304 461 153 89 362 282 458 27 2 479 251 351 35 43 185 452 483 95 106 184 472 341 120 75 76 39 31 109 88 349 239 466 476 111 375 67 117 69 478 405 438 305 102 200 3 249 48 262 378 25 294 494 44 437 98 332 145 62 256 390 216 460 366 371 263 277 34 45 411 47 96 119 180 363 175 474 49 53 152 240 5 327 52 265 412 37 179 353 220 348 480 51 384 319 108 77 86 388 182 41 13 54 211 9 57 133 321 169 422 187 79 167 116 226 227 247 163 46 355 23 281 59 489 143 356 449 273 487 385 266 292 131 443 207 7 61 421 58 194 464 178 325 320 367 477 399 369 82 26 377 206 448 257 212 467 291 209 188 431 470 17 136 420 500 347 128 290 279 129 14 138 427 354 29 201 323 401 393 402 280 38 218 165 456 252 151 455 284 193 21 219 435 210 406 453 258 365 361 268 97 148 65 484 60 299 241 243 121 55 374 309 36 433 132 395 40 103 382 423 64 298 264 56
Case #34: Yes
1 2 3 4 5 6 7 8 9 10 11 12 13 14 15 16 17 18 19 20 21 22 23 24 25 26 27 28 29 30 31 32 33 34 35 36 37 38 39 40 41 42 43 44 45 46 47 48 49 50 51 52 53 54 55 56 57 58 59 60 61 62 63 64 65 66 67 68 69 70 71 72 73 74 75 76 77 78 79 80 81 82 83 84 85 86 87 88 89 90 91 92 93 94 95 96 97 98 99 100 101 102 103 104 105 106 107 108 109 110 111 112 113 114 115 116 117 118 119 120 121 122 123 124 125 126 127 128 129 130 131 132 133 134 135 136 137 138 139 140 141 142 143 144 145 146 147 148 149 150 151 152 153 154 155 156 157 158 159 160 161 162 163 164 165 166 167 168 169 170 171 172 173 174 175 176 177 178 179 180 181 182 183 184 185 186 187 188 189 190 191 192 193 194 195 196 197 198 199 200 201 202 203 204 205 206 207 208 209 210 211 212 213 214 215 216 217 218 219 220 221 222 223 224 225 226 227 228 229 230 231 232 233 234 235 236 237 238 239 240 241 242 243 244 245 246 247 248 249 250 251 252 253 254 255 256 257 258 259 260 261 262 263 264 265 266 267 268 269 270 271 272 273 274 275 276 277 278 279 280 281 282 283 284 285 286 287 288 289 290 291 292 293 294 295 296 297 298 299 300
Case #35: Yes
54 235 295 18 76 1 131 424 84 459 115 324 192 3 322 118 236 285 11 183 20 124 85 51 194 103 407 5 30 323 7 52 79 465 36 95 466 8 485 294 461 189 368 167 349 282 484 263 415 416 376 9 417 277 82 166 4 58 93 348 455 278 102 141 33 59 378 406 116 244 86 187 178 153 369 2 37 443 435 264 23 12 77 113 357 486 375 358 414 10 73 6 13 123 434 170 359 159 425 418 132
Case #36: Yes
283 60 284 61
Case #37: Yes
448 194 40 56 273 440 263 218 477 1 339 156 187 177 456 416 412 182 315 8 50 340 460 437 305 333 466 178 485 33 161 228 189 78 312 478 207 474 221 95 425 144 159 264 77 328 296 106 361 12 127 235 58 85 279 476 354 154 107 116 407 129 413 489 139 90 394 393 25 10 480 343 295 125 414 275 256 415 233 223 367 251 29 341 63 186 373 3 267 458 146 13 445 280 20 364 21 391 308 252 385 130 51 70 260 168 126 408 239 128 76 249 143 71 321 236 93 155 372 39 449 472 362 421 277 214 324 491 18 467 198 313 272 250 23 278 31 469 365 374 121 96 247 258 299 487 19 217 5 112 368 9 209 486 329 102 75 24 441 398 45 259 481 145 101 120 232 41 451 4 426 113 192 253 201 266 400 390 2 203 148 420 79 100 22 227 254 160 281 237 27 137 410 215 241 17 386 181 57 6 424 452 234 208 199 430 319 166 287 298 431 88 496 432 204 60 32 344 7 55 468 15 30 304 54 48 406 191 82 66 36 320 44 16 37 257 216 495 371 43 387 165 64 355 405 429 464 262 35 91 366 14 188 26 428 80 500 185 86 115 473 222 465 318 167 397 246 423 457 322 99 38 307 490 164 65 401 149 261 369 210 282 89 202 270 42 331 28 122 443 286 169 442 497 459 316 11 34 358
Case #38: Yes
1 2 5 10 6 4 3 7 8 12 13 14
Case #39: Yes
59 1 142 210 469 365 4 248 274 443 269 78 264 344 99 7 487 383 257 10 149 16 19 452 253 185 60 22 26 13 65 258 54 414 17 384 28 408 113 44 228 103 120 11 20 424 225 158 428 52 114 23 409 277 373 278 38 489 8 368 31 29 310 364 53 77 488 454 98 329 387 40 223 188 313 39 35 169 148 247 448 492 334 379 122 422 30 394 21 32 27 395 15 423 46 55 464 459 285 458 319 453 318 343 325 58 134 388 67 139 289 332 484 309 73 94 74 328 48 303 485 93 147 288 380 153 130 174 442 244 61 184 355 312 419 474 348 354 353 270 327 243 367 324 112 429 420 104 36 483 89 144 129 385 33 34 76 199 399 2 118 224 218 430 259 413 366 37 90 349 374 286 41 157 3 209 80 69 92 135 242 263 219 131 71 233 304 302 217 493 164 407 18 14 82 68 249 189 227 468 43 110 170 56 279 418 297 389 137 119 447 50 494 91 171 463 298 47 12 397 85 342 172 183 314 163 234 79 252 350 24 333 473 311 165 187 5 45 102 326 299 268 109 51 75 124 369 290 72 81 470 83 97 42 398 123 265 449 273 472 272 444 62 63 133 211 70 372 232 66 86 378 138 320 152 198 284 49 229 143 159 57 25 457 154 84 173 254 87 396 111 415 9 6 465 197 64
Case #40: Yes
475 114 1 29 403 363 257 8 305 407 214 307 55 388 210 72 434 226 116 95 179 375 88 10 472 209 12 73 452 14 400 464 16 323 178 369 199 20 184 87 92 250 139 495 22 28 190 30 90 34 366 213 106 361 48 493 113 25 31 40 259 462 471 91 49 156 157 53 430 18 59 61 274 211 63 193 45 175 98 147 182 176 149 15 317 54 435 65 11 67 69 438 77 39 26 236 499 288 75 278 142 394 300 5 330 349 79 215 27 35 38 217 346 82 42 94 50 41 84 331 131 201 385 370 99 368 101 258 117 23 100 103 93 279 451 121 108 194 138 339 360 297 467 494 2 66 453 17 105 133 60 51 341 110 37 43 348 58 391 343 76 89 112 249 287 32 332 447 277 454 80 497 36 263 262 337 477 111 115 276 466 216 191 119 24 70 476 463 97 419 104 19 371 338 374 120 448 290 148 86 96 261 496 431 302 364 205 436 425 301 185 47 225 170 83 316 124 81 150 102 74 9 122 127 296 235 187 324 183 123 3 107 118 292 256 303 275 395 68 440 465 7 478 46 128 396 109 426 204 373 376 171 172 384 180 377 44 212 390 202 57 401 129 372 125 329 71 4 13 62 427 198 52 56 418 283 130 85 78 318 345 365 386 126 64 285 181 340 6 21 326 342 33 188 291 325
Case #41: Yes
490 397 73 20
Case #42: Yes
422 239 192 293 196 22 121 493 131 325 320 1 367 431 104 398 494 413 66 371 411 2 3 237 98 63 4 281 495 76 236 81 321 356 275 68 179 442 202 421 108 132 75 21 399 294 277 195 355 122
Case #43: Yes
498 77 169 372 41 280 459 373 170 497 419 371 465 64 1 176 262 63 458 396 3 100 230 42 207 2 177 4 395 43 106
Case #44: Yes
288 23 90 380 47 11 53 374 66 220 76 296 159 128 20 54 25 277 269 359 224 106 4 27 350 290 29 70 335 342 384 161 175 43 364 34 229 217 252 36 46 60 200 163 32 21 183 218 158 62 178 306 210 117 253 258 267 385 61 341 148 129 3 240 389 10 19 17 206 330 289 336 197 156 9 22 347 83 92 225 172 149 375 80 256 211 355 232 209 357 268 79 71 59 324 38 136 153 352 37 101 349 67 310 162 222 368 142 263 295 65 356 243 28 1 107 31 57 114 353 55 63 13 8 5 125 74 68 49 323 135 115 326 169 327 198 387 181 104 166 170 348 312 143 236 72 191 56 111 322 26 190 237 137 173 297 50 317 314 48 33 144 300 151 16 307 41 100 84 242 126 390 199 160 7 280 376 228 182 192 45 279 102 274 309 292 251 152 377 231 188 40 176 58 241 344 105 112 332 14 254 207 223 122 298 264 187 388 140 24 320 354 230 291 261 371 189 146 321 361 132 134 260 184 2 141 174 193 234 52 293 64 338 15 44 383 51 180 30 147 77 372 85 168 99 81 316 6 329 219 337 18 315 121 221 386 343 239 179 351 35 205 39 118 287 171 311 308 299 119 273 259 216 379 285 275 86 194 284 319 73 133 89 208 91 313 138 333 12 226 69 120 42 346 286 328
Case #45: Yes
56 143 98 155 305 39 303 330 205 156 179 255 373 438 122 3 486 287 1 206 22 428 231 114 268 110 72 239 236 278 75 467 313 478 316 191 475 277 70 342 282 495 419 61 92 69 310 4 443 331 290 261 336 425 357 24 185 263 207 466 154 498 464 349 6 77 148 132 120 149 461 171 485 318 323 327 453 439 325 436 250 228 271 111 375 26 422 224 48 337 214 218 199 314 391 490 468 7 418 283 387 189 91 109 11 19 333 288 446 244 291 241 140 334 42 14 340 159 322 180 85 118 432 346 97 15 396 29 232 256 300 410 46 84 41 473 262 234 405 471 390 240 133 73 40 459 62 59 238 10 481 411 124 321 51 172 186 441 454 267 50 301 243 18 217 304 16 139 9 469 28 190 351 31 315 119 25 299 105 500 30 488 492 477 309 153 57 235 66 406 383 21 372 476 404 456 5 379 125 393 183 403 103 83 363 371 266 281 320 78 182 74 55 382 460 131 65 424 27 306 497 335 2 392 381 423 141 32 121 431 317 200 272 470 95 8 364 350 463 324 160 216 17 356 82 229 353 115 374 264 265 447 254 20 33 409 489 462 167 457 417 437 348 380 472 496 233 58 215 352 480 427 47 201 248 338 407 326 341 104 181 34 344 117 166 23 435 12 430 94 13 440 273 269 358 223 49 376 386 113
Case #46: Yes
1 153 114 3 356 481 426 5 401 8 422 10 12 14 268 146 80 13 244 369 16 188 18 17 70 427 243 203 197 415 2 131 480 430 355 250 147 404 357 110 20 372 273 423 9 113 130 267 400 252 11 15 217 148 190 218 6 65 333 337 7 134 368 177 176 4 414 405 88 332 109 19 71 21 249 187 338 57 272 145 339
Case #47: Yes
1 2 10 11 12
Case #48: Yes
284 1 310 466 307 134 334 64 175 488 81 171 7 458 9 11 474 258 309 373 15 495 19 21 304 262 375 135 235 23 22 27 29 143 165 288 114 391 31 204 41 293 33 10 35 473 122 60 37 161 156 228 441 431 331 52 487 197 54 13 425 24 357 401 358 454 56 374 96 436 348 3 70 91 255 101 343 318 380 287 16 18 221 58 249 87 389 260 36 283 2 271 138 62 65 339 412 364 49 342 147 482 43 456 306 435 72 198 290 395 75 439 77 234 71 381 421 272 406 25 319 82 4 219 256 119 42 48 53 79 97 12 327 462 95 211 90 20 191 279 470 496 132 457 475 55 113 326 83 8 472 44 233 107 305 469 85 5 333 332 492 164 159 89 317 78 281 50 188 129 322 133 92 467 448 349 121 346 298 376 455 32 414 46 476 93 222 426 291 386 267 497 120 26 444 345 500 193 250 338 404 80 390 173 106 98 66 289 168 266 100 99 76 63 483 410 356 320 112 360 68 385 14 39 155 30 59 84 301 6 490 73 445 212 47 184 428 40 74 185 489 108 461 361 394 264 330 139 144 86 111 88 34 237 463 45 265 282 341 203 245 493 128 268 51 232 145 38 67 209 57 28 229 420 236 392 460 261 430 61 321 363 411 163 69 499 299 94 415 17 471 195 220 210 424 176 246 449 484 280
Case #49: Yes
213 35 1 193 437 324 286 6 23 413 36 473 426 389 246 427 488 278 252 32 153 10 172 26 8 321 214 454 320 297 16 371 133 272 222 134 194 84 45 65 33 2 42 476 14 261 18 156 325 431 370 307 127 402 20 439 430 41 17 22 391 13 124 308 317 28 318 192 269 34 111 423 21 403 38 47 48 384 73 154 53 56 239 11 287 461 227 428 135 151 355 462 157 232 58 300 60 359 387 490 143 481 208 64 480 259 69 120 446 122 98 121 475 142 230 238 233 207 83 3 59 109 315 276 71 78 82 181 91 495 150 66 94 29 138 96 12 86 399 51 460 52 258 447 88 70 31 440 102 62 171 306 125 179 282 15 7 372 432 354 479 378 104 39 81 309 106 496 37 61 85 329 273 89 425 19 184 108 43 373 231 346 9 251 25 483 400 390 186 180 90 30 126 40 24 113 115 316 68 362 72 75 224 266 116 445 489 453 46 137 358 97 112 212 185 67 54 294 117 107 459 424 301 438 119 79 63 93 74 412 240 494 57 493 130 105 5 200 132 100 377 80 27 223 226 101 129 92 392 215 49 44 87 77 139 379 128 277 76 123 95 99 140 280 50 110 103 131 361 4 345 243 452 136 55 144 472 283 141 221 114 202 145 268 330 118
Case #50: Yes
1 3 5 7 10 12 14 16 17 8 18 20 22 25 28 30 32 13 34 36 38 41 43 46 48 50 52 54 56 58 60 62 64 66 68 70 26 73 75 77 33 79 81 83 86 88 90 92 94 97 99 42 101 103 105 107 109 4 111 113 87 115 55 117 119 121 123 29 67 125 127 129 131 133 44 136 138 141 143 146 148 150 152 155 78 157 159 158 161 164 166 168 170 172 102 174 176 23 178 69 180 182 184 186 188 190 192 100 9 124 187 194 39 175 196 198 153 183 200 202 204 45 206 208 95 199 210 15 147 212 215 217 219 51 108 221 223 226 91 185 171 177 27 228 110 230 232 234 236 238 240 84 242 195 244 246 11 231 248 191 250 130 243 224 253 255 257 259 235 261 229 162 263 149 6 265 213 239 251 256 252 267 24 122 227 104 269 128 271 173 273 120 275 209 21 40 245 139 205 156 214 272 277 144 189 181 49 274 279 237 31 89 179 278 154 37 281 283 106 285 59 137 287 247 47 132 197 211 112 258 282 289 264 291 142 218 96 207 284 61 160 126 286 293 63 82 295 297 57 249 118 299 71 80 145 72 151 260 35 233 134 163 116 140 165 296 201 2 169 268 270 241 225 167 98 114 220 290 193 85 222 216 294 292 53 93 254 262 266 203 76 300 288 280 19 74 135 276 65 298
Case #51: Yes
76 8 302 170 441 190 75 198 57 396 371 81 99 383 189 209 401 200 65 71 288 431 69 432 295 100 363 420 85 204 66 407 58 86 182 133 280 146 355 442 245 172 423 278 419 5 96 72 164 183 124 9 370 405 403 358 109 313 12 260 275 192 82 15 424 25 222 24 104 299 445 208 29 262 377 292 113 248 333 389 117 430 259 231 297 418 326 87 211 195 97 150 28 287 342 385 318 327 184 414 285 105 393 226 64 386 356 345 10 136 314 266 140 353 163 394 235 34 55 417 135 362 145 317 324 30 379 293 27 298 271 38 2 256 63 155 194 234 149 59 221 242 54 203 16 398 22 169 276 446 378 402 449 325 230 176 4 180 51 202 450 141 108 23 281 365 375 387 40 352 159 382 273 92 153 392 246 134 212 165 253 18 205 127 307 384 400 128 160 257 279 11 197 207 388 50 14 20 44 223 39 88 129 391 415 171 95 131 376 35 232 156 111 68 349 17 32 282 157 60 123 45 196 98 357 294 215 19 218 229 284 43 199 70 130 7 217 303 344 116 201 240 118 26 1 448 47 335 13 175 249 74 31 224 306 395 272 132 46 437 319 3 328 397 37 33 296 126 408 436 301 125 277 52 152 41 334 447 112 435 320 36 193 346 291 110 21 187 6 350 361 251 239 42 93 228 336 225 263
Case #52: Yes
51 71 1 207 44 176 154 108 417 444 167 390 83 220 331 155 432 374 303 190 361 2 50 129 358 86 396 213 4 322 340 378 441 402 193 285 413 15 32 8 399 9 272 17 376 94 351 308 438 177 203 276 139 29 79 403 3 298 43 341 392 140 398 245 191 295 271 284 354 170 253 231 65 141 161 87 151 45 382 60 430 380 192 287 270 5 391 312 204 258 66 47 411 12 344 118 56 255 320 256 314 230 22 125 332 111 282 36 412 126 370 35 424 425 26 202 164 30 107 368 379 262 300 109 266 336 277 92 46 215 435 168 64 302 307 78 311 101 11 206 91 252 254 27 330 194 405 102 436 132 384 305 195 450 315 352 69 422 23 383 350 267 186 259 153 281 269 397 185 367 229 265 408 286 175 120 222 319 301 31 268 88 112 183 416 200 296 201 288 449 373 299 335 130 97 6 110 214 169 420 13 21 313 124 263 442 128 127 297 431 244 95 404 443 221 63 90
Case #53: Yes
200 3 389 479 21 224 138 383 26 458 328 58 127 72 376 80 5 249 289 143 7 151 290 183 310 31 9 377 96 11 385 30 402 17 20 489 206 23 25 35 465 38 41 345 452 39 351 157 381 141 418 49 55 59 342 370 66 61 52 347 81 194 63 264 173 240 43 69 2 286 484 19 303 374 73 75 156 294 77 460 51 353 169 102 114 212 109 82 196 84 467 97 40 341 427 473 214 477 195 86 42 431 193 457 414 213 88 262 90 494 226 160 234 74 326 229 140 92 94 124 37 98 429 463 346 29 24 48 172 476 139 67 239 104 62 222 184 65 83 260 168 325 106 87 495 8 492 110 382 309 115 27 227 298 45 205 117 220 54 68 47 412 76 293 126 28 50 191 352 33 424 99 36 136 242 100 185 311 1 91 340 279 56 207 238 113 350 339 16 313 497 300 332 388 70 112 450 10 18 390 22 119 147 486 417 79 64 221 148 235 121 208 285 85 101 15 129 459 130 354 177 425 371 107 295 103 120 144 270 230 271 280 406 111 176 78 131 105 13 44 4 472 95 153 122 496 125 152 71 12 118 375 133 244 192 128 451 428 423 161 248 135 468 401 223 93 6 89 108 132 387 32 53 261 46 331 60 372 359 123 373 134 14 464 493 142 201 116 236 329 490 34 407 137 344 478 432 57
Case #54: Yes
3 38 337 254 210 22 347 366 272 431 187 87 267 221 13 361 157 84 258 51 118 495 478 101 273 406 300 245 227 429 372 209 59 391 200 298 232 247 492 138 89 380 378 467 164 174 5 239 242 456 262 50 458 240 70 307 146 166 474 148 266 308 189 358 433 500 234 341 11 54 493 368 179 15 158 329 155 363 411 36 17 294 470 24 400 369 328 136 14 9 128 162 12 243 202 295 145 204 373 479 114 306 74 1 394 303 277 442 490 228 2 86 8 37 383 384 261 451 381 180 265 346 403 133 415 233 56 171 226 219 357 280 318 90 454 97 395 106 205 170 31 35 397 131 58 257 402 365 497 104 342 163 211 498 440 487 353 83 10 6 75 27 208 304 4 311 471 199 393 360 390 382 428 421 379 488 345 147 125 463 274 457 459 297 52 32 108 109 175 310 132 96 324 356 60 416 443 410 134 68 150 268 124 434 418 130 69 278 439 25 49 486 149 316 26 102 112 127 225 447 399 224 113 485 144 28 186 122 475 195 55 305 494 376 255 489 71 153 333 452 107 94 355 21 193 7 98 105 263 123 326 491 161 484 82 253 364 460 302 271 23 222 196 281 139 348 455 194 252 57 436 203 16 408 432 220 92 67 466 385 33 291 350 143 450 496 85 401 20 387 437 362 181 389 288 325 462
Case #55: Yes
169 255 157 190 145 98 357 291 329 317 1 3 67 288 333 9 326 298 12 261 323 223 327 287 386 422 472 442 414 61 18 22 26 297 270 30 102 188 73 376 23 310 114 197 154 238 87 111 353 395 458 144 236 161 473 273 350 160 217 140 71 32 81 6 354 70 184 256 281 275 254 47 475 121 100 107 36 162 221 164 106 257 35 447 198 38 448 133 415 276 40 314 192 41 409 225 11 300 424 306 25 80 259 50 8 149 408 42 330 311 432 183 77 10 52 213 57 13 172 479 397 147 340 33 27 134 37 48 99 264 278 89 58 62 167 430 135 51 7 429 66 283 218 373 53 351 170 222 72 279 299 339 312 253 235 362 266 396 91 17 74 453 348 464 258 385 24 452 271 78 394 440 45 155 366 85 284 324 159 146 441 469 14 182 200 75 39 294 44 462 463 402 377 55 65 31 101 20 54 224 64 21 356 347 337 445 148 212 383 446 79 372 19 46 110 84 403 16 226 230 470 241 343 274 260 365 82 83 332 465 363 166 43 113 336 478 438 173 122 5 231 244 29 49 93 303 313 86 382 423 59 142 443 126 431 389 127 268 94 4 433 69 60 269 2 28 474 56 237 125 459 76 401 141 88 189 90 136 321 139 34 199 68 388 201 342 181 15 246 63 240 315 434
Case #56: Yes
223 132 431 403 92 429 274 22 424 49 145 163 230 498 439 47 264 209 445 459 390 443 1 19 42 255 293 200 6 367 491 82 3 101 202 417 141 328 97 272 440 20 36 9 478 294 379 10 292 301 12 493 377 74 474 462 483 155 356 18 87 398 342 26 397 257 343 418 244 179 442 353 103 366 29 303 268 352 48 2 380 30 60 121 99 360 35 33 277 37 436 150 454 70 45 243 325 482 51 494 208 137 426 100 86 162 386 357 195 130 253 138 201 21 322 368 34 53 39 285 222 55 91 25 13 105 365 282 46 490 389 134 252 249 451 437 62 154 59 446 23 28 318 250 296 124 57 194 267 475 421 63 213 178 278 407 458 61 430 65 67 8 27 68 394 31 69 412 313 374 7 319 193 38 148 210 329 229 83 41 413 373 433 88 236 43 98 156 245 441 248 73 24 385 376 15 175 404 158 17 136 263 479 76 256 326 312 58 85 488 107 109 72 378 50 78 140 169 497 84 346 283 110 170 184 14 290 64 487 172 351 237 384 214 54 16 114 281 473 269 345 167 119 40 291 125 77 75 159 286 242 174 408 81 90 89 52 321 32 4 192 80 11 149 496 173 361 93 66 362 295 113 463 273 71 427 241 79 44 56 5 324 432 185 375 94 393
Case #57: Yes
81 275 221 45 385 160 384 258 222 299 300 159 358 276 274 246 157 202 357 216 262 359 247 46 248 365 203 363 377 82 217 382 143
Case #58: Yes
396 226 176 218 1 355 79 146 438 482 7 222 78 359 5 410 256 361 67 397 369 477 13 17 285 97 23 254 2 299 304 8 206 485 15 471 161 399 30 466 35 268 492 25 376 166 66 71 27 360 241 21 490 337 32 139 38 40 377 244 44 211 46 498 308 401 138 48 6 240 345 193 50 370 72 274 217 133 153 52 28 465 129 36 230 412 55 51 497 329 152 57 65 69 171 263 64 380 42 333 158 269 116 472 291 266 234 312 330 127 33 81 170 87 56 37 194 68 228 4 460 89 91 418 349 93 95 12 223 128 101 431 76 216 476 463 185 265 400 322 189 488 83 203 334 103 135 34 473 74 106 255 104 191 212 348 29 43 332 105 236 58 416 419 108 395 47 413 88 232 110 62 207 112 22 9 26 94 114 437 120 19 421 493 257 63 134 404 331 462 100 430 10 92 219 119 411 320 16 287 122 124 140 45 261 353 356 3 205 290 229 86 70 39 75 245 111 53 303 491 96 109 262 235 398 188 381 18 375 328 443 130 321 286 190 14 49 186 319 59 107 180 118 136 85 54 82 204 260 358 24 338 294 275 126 99 145 167 484 231 247 132 115 141 417 284 253 422 121 131 102 98 352 341 41 123 31 60 487 393 113 73 293 486 90 298 77 248 20 405 125 84 243 11 61 117 442 80
Case #59: Yes
1 2 10 11 20 21
Case #60: Yes
2 3 1 6 4 5
Case #61: Yes
82 425 2 374 22 32 336 395 272 342 141 414 4 409 246 321 7 41 217 11 430 3 188 49 9 58 155 60 309 173 458 203 48 260 431 10 469 93 311 64 207 15 312 12 418 189 36 251 339 471 218 445 170 25 341 164 101 115 274 31 303 161 361 91 100 35 187 157 282 360 281 23 243 462 210 363 369 447 38 172 92 166 337 472 14 44 350 396 286 323 116 53 197 439 74 283 376 54 61 55 118 287 250 5 463 122 291 457 206 6 308 297 65 244 224 229 238 258 338 333 452 181 368 261 67 124 473 370 149 407 456 154 62 438 417 343 1 253 145 50 392 349 411 190 110 221 345 271 69 26 79 416 21 373 214 450 34 167 179 37 193 322 47 17 150 467 71 146 56 168 222 152 415 290 451 402 464 132 329 401 257 162 269 43 358 28 73 352 426 199 78 254 109 194 39 461 248 30 213 419 131 76 405 459 404 364 68 94 86 324 83 330 227 420 57 153 81 182 123 371 46 432 19 72 315 239 280 202 270 63 408 51 314 121 45 42 125 180 20 465 13 356 178 225 120 80 209 59 204 228 24 478 87 477 85 215 33 40 470 359 391 354 137 27 158 8 448 325 434 75 196 298 119 160 304 276 332 66 88 444 275 362 70 18 346 84 77 357 242 245 421 200 163 433 16 52 29
Case #62: Yes
169 209 234 3 71 295 301 104 210 22 243 188 213 89 217 272 173 44 60 29 64 302 9 72 46 23 255 96 74 38 69 276 183 18 149 80 56 115 151 19 92 159 235 10 63 203 193 14 94 108 216 165 133 118 16 224 138 6 42 83 214 142 283 33 78 12 252 196 28 88 50 128 202 239 145 166 271 34 215 25 134 161 102 36 85 17 51 185 278 273 154 129 160 263 180 284 158 150 146 240 167 91 2 171 304 73 90 147 55 179 191 220 99 197 70 270 45 43 26 294 303 306 287 127 21 205 275 126 175 32 81 268 207 20 53 164 24 11 58 219 236 208 132 186 266 227 163 262 230 49 54 244 246 237 192 30 157 140 57 97 264 113 5 141 253 1 187 105 212 241 153 65 249 103 143 251 257 116 247 178 107 194 40 114 131 245 119 265 144 254 59 123 242 228 100 82 195 95 110 225 130 232 298 259 93 156 27 285 61 200 223 279 41 277 218 206 98 76 170 267 124 4 87 248 120 162 13 281 261 106 135 184 198 67 62 176 77 305 86 125 121 75 137 111 181 286 238 155 139 112 288 35 282 31 269 66 7 8 201 250 221 84 190 168 117 15 109 177 39 204 256 280 174 122 79 37 48 226 101 136 152 182 231 68 299 52 222 172 258 211 199 233 189 47 274 290 229 148 289 260
Case #63: Yes
7 2 11 10 16 19 21
Case #64: Yes
1 3 5 7 9 11 13 301 15 17 19 21 23 25 27 29 31 33 35 37 39 41 43 12 10 45 47 49 51 53 55 30 57 59 52 61 63 65 60 67 69 71 73 75 77 79 81 83 85 87 89 91 93 95 97 99 101 103 105 44 107 109 84 14 111 113 6 104 16 115 117 119 302 121 46 123 125 127 129 8 131 133 135 137 118 74 128 139 34 141 90 143 145 147 149 151 138 153 155 98 88 157 159 161 163 165 167 62 169 171 173 130 175 177 179 181 183 166 92 185 187 189 134 170 191 193 195 144 162 197 199 148 172 36 114 124 201 146 203 168 205 207 120 209 211 210 213 215 217 4 156 48 164 202 219 122 136 221 208 223 225 500 72 20 227 229 231 233 24 235 237 239 216 82 241 230 243 206 245 247 249 196 251 234 253 2 255 150 174 126 38 116 246 232 200 78 257 64 259 261 40 248 178 263 262 66 265 258 186 28 267 254 269 76 242 198 271 86 142 273 252 160 220 50 32 68 140 110 266 236 250 275 274 182 276 158 190 277 279 281 212 283 94 154 224 228 285 58 112 260 226 54 218 268 102 222 26 192 100 244 214 287 96 152 264 289 22 176 180 291 184 280 293 80 70 188 106 270 286 238 288 18 56 294 108 272 282 284 204 290 240 42 292 132 295 296 278 194 256
Case #65: Yes
417 116 132 1 275 356 255 6 171 47 259 8 28 126 443 48 163 459 13 32 64 17 10 12 197 63 139 284 31 458 119 20 397 41 370 23 425 453 350 301 25 225 424 27 335 354 83 496 473 54 434 213 497 30 33 402 437 483 265 9 185 35 37 29 39 34 42 438 44 11 241 195 447 173 46 99 45 315 452 50 56 258 460 204 206 385 244 5 61 131 440 88 125 358 19 309 199 151 82 418 21 196 471 110 344 366 287 22 254 65 91 86 67 69 24 360 382 407 233 484 2 71 73 187 43 106 77 328 306 219 426 205 92 376 190 266 75 369 70 96 53 398 148 423 413 234 76 85 72 188 164 283 149 384 89 433 210 224 262 203 144 93 7 60 472 36 216 441 361 95 226 101 74 498 103 16 404 218 14 482 400 352 58 308 121 68 223 97 316 128 66 349 330 120 152 107 104 395 380 108 449 488 179 329 214 478 211 52 49 381 348 112 305 274 130 267 256 59 207 432 198 114 489 355 150 320 40 15 367 232 118 454 38 288 189 282 215 217 102 351 124 486 94 414 184 62 357 318 115 450 281 55 18 123 145 307 117 90 477 178 87 111 208 461 399 345 394 347 105 439 109 51 100 406 263 333 98 122 78 235 57 236 127 4 26 378 136 362 80 137 3 113 79 81 84 363 442 300 138 448
Case #66: Yes
368 333 6 363 308 150 189 154 41 124 198 380 318 9 206 338 291 330 331 286 7 114 221 53 383 32 4 274 89 324 320 199 371 301 273 249 30 12 82 284 78 304 290 387 143 345 332 211 374 128 3 247 268 370 129 35 379 120 42 260 186 156 17 164 265 51 243 110 102 183 63 240 354 52 239 5 65 361 58 168 139 228 64 86 13 59 75 190 246 208 11 297 337 18 343 226 218 200 23 25 57 179 269 104 165 335 341 302 117 27 375 148 222 298 178 31 234 33 382 167 145 223 227 224 353 113 235 138 385 314 315 296 216 81 44 26 381 311 340 378 74 96 342 259 109 151 251 236 231 21 133 351 55 135 34 360 66 215 312 350 36 287 177 16 88 159 54 275 191 317 244 50 56 91 280 252 111 245 71 323 131 105 20 292 347 37 256 127 299 326 276 90 19 365 257 101 373 258 329 29 305 94 22 39 141 45 366 15 8 207 121 182 97 132 118 1 369 281 372 95 130 152 205 377 362 334 125 384 40 388 46 181 233 14 79 126 271 319 201 293 112 278 277 344 262 376 217 303 134 188 49 306 339 67 28 146 270 307 43 84 77 229 24 85 241 230 48 180 267 115 160 47 99 2 288 166 250 119 38 248 140 157 255 192 364 175 172 171 87 62 60 263 264 10 73 283 325 93 136 212
Case #67: Yes
1 2 3 4 5 6 7 8 9 10 11 12 13 14 15 16 17 18 19 20 21 22 23 24 25 26 27 28 29 30 31 32 33 34 35 36 37 38 39 40 41 42 43 44 45 46 47 48 49 50 51 52 53 54 55 56 57 58 59 60 61 62 63 64 65 66 67 68 69 70 71 72 73 74 75 76 77 78 79 80 81 82 83 84 85 86 87 88 89 90 91 92 93 94 95 96 97 98 99 100 101 102 103 104 105 106 107 108 109 110 111 112 113 114 115 116 117 118 119 120 121 122 123 124 125 126 127 128 129 130 131 132 133 134 135 136 137 138 139 140 141 142 143 144 145 146 147 148 149 150 151 152 153 154 155 156 157 158 159 160 161 162 163 164 165 166 167 168 169 170 171 172 173 174 175 176 177 178 179 180 181 182 183 184 185 186 187 188 189 190 191 192 193 194 195 196 197 198 199 200 201 202 203 204 205 206 207 208 209 210 211 212 213 214 215 216 217 218 219 220 221 222 223 224 225 226 227 228 229 230 231 232 233 234 235 236 237 238 239 240 241 242 243 244 245 246 247 248 249 250 251 252 253 254 255 256 257 258 259 260 261 262 263 264 265 266 267 268 269 270 271 272 273 274 275 276 277 278 279 280 281 282 283 284 285 286 287 288 289 290 291 292 293 294 295 296 297 298 299
Case #68: Yes
442 187 213 200 285 344 286 39 459 225 121 123 277 448 104 481 399 109 299 2 475 74 6 439 303 150 124 388 263 251 360 300 143 38 88 379 63 8 10 241 337 14 222 400 282 198 18 274 498 317 9 328 302 4 476 245 340 266 278 3 473 80 411 404 254 167 137 386 211 306 52 250 97 320 19 78 189 362 309 235 417 458 425 460 436 371 133 145 185 346 116 62 20 162 48 22 301 304 26 406 190 163 495 336 265 60 499 479 28 349 275 500 321 478 409 95 100 414 21 487 402 59 295 49 447 206 375 368 71 238 30 412 126 32 418 13 329 361 339 255 464 294 34 407 242 127 142 413 36 354 205 307 305 193 27 311 284 203 7 11 378 113 29 461 171 98 33 208 172 35 67 218 267 134 474 210 287 214 237 435 403 444 1 42 16 488 314 65 144 369 318 469 164 115 456 351 107 207 40 424 184 176 380 252 99 426 72 196 356 82 352 79 389 268 141 353 5 31 383 105 158 482 130 281 77 363 94 392 17 166 381 249 325 348 468 370 256 457 110 472 73 96 393 199 338 496 391 446 324 202 37 41 76 483 497 280 55 151 440 374 477 83 283 129 236 12 25 192 140 223 169 486 195 159 410 219 217 23 240 357 87 186 170 15 146 114 226 438 437 108 216 264 401 315 212 480 56 258 24 197
Case #69: Yes
192 159 233 297 88 1 139 242 391 3 12 116 14 364 381 18 357 200 424 353 22 412 15 32 34 132 342 40 229 91 24 422 286 61 384 60 42 289 350 395 208 243 172 33 44 396 46 126 420 48 283 50 387 345 23 43 5 54 273 236 423 56 124 65 58 372 66 155 49 212 162 349 70 59 55 156 109 343 280 151 47 81 255 138 100 238 112 90 284 73 94 77 27 167 11 67 294 285 189 39 414 293 287 79 84 123 175 69 86 373 92 254 85 253 41 292 31 388 224 232 351 279 346 295 318 380 160 121 326 376 317 319 408 101 96 275 244 38 97 35 9 249 385 274 188 331 367 211 393 161 99 383 103 83 30 107 377 225 313 53 111 309 118 113 104 74 122 251 8 209 190 129 78 226 106 130 173 10 134 13 154 421 136 108 80 36 332 117 195 354 20 399 140 191 2 288 174 71 95 64 68 374 390 258 223 256 82 237 137 257 28 356 62 142 143 398 120 144 153 394 206 110 6 178 17 215 425 348 330 298 127 177 29 141 392 355 152 312 119 194 213 397 207 252 359 72 187 75 308 37 7 239 128 365 57 87 76 168 4 105 214 133 250 406 386 146 45 327 51 125 102 210 199 272 115 52 320 98 241 25 21 231 415 114 16 193 19 341 411 216 135 63 93 131 147 145 366 148 26 89
Case #70: Yes
352 231 51 387 324 249 153 182 1 176 405 8 15 341 281 98 348 17 416 128 181 77 217 152 415 382 74 136 255 66 354 120 242 86 323 50 169 222 42 345 23 168 448 289 22 311 3 25 272 326 325 7 218 174 21 411 34 283 297 37 27 69 38 342 378 335 315 332 189 321 254 75 271 143 29 212 149 392 384 11 134 121 330 138 366 298 236 123 173 437 184 35 213 377 108 246 306 421 248 257 78 160 278 433 159 40 227 106 124 32 101 179 331 360 389 39 125 2 290 148 422 390 43 346 403 203 201 305 423 223 44 87 340 82 445 127 191 28 406 361 303 198 46 235 175 431 155 356 137 116 24 394 4 413 107 294 355 135 55 226 48 446 402 336 26 146 211 196 115 400 351 31 36 374 417 435 386 183 259 216 383 262 126 156 16 73 302 353 233 30 301 111 426 388 70 56 47 393 166 52 375 395 316 210 117 45 9 404 5 221 250 62 99 230 53 310 245 18 234 407 334 100 284 280 130 200 142 122 49 380 33 401 13 369 54 188 224 241 60 432 347 273 81 418 92 14 372 67 447 19 399 85 225 329 12 368 131 6 180 287 237 436 10 129 359 20 79 91 41 57 177 244 204 93 279 358 291 385 371 167 263 286 367 114 328 185 147 88 337 333 186 133 381 192 320 425 339 58
Case #71: Yes
409 1 306 101 191 194 245 279 10 355 388 7 210 29 202 253 11 387 176 365 217 13 224 44 27 102 220 339 315 313 359 318 86 179 326 398 121 177 59 416 264 241 403 49 291 30 256 379 112 418 79 61 166 72 134 83 21 41 394 193 213 17 20 170 15 267 19 363 144 246 374 419 162 4 67 97 304 69 12 397 103 356 26 78 3 185 129 292 369 63 92 39 24 362 138 104 323 141 368 25 38 58 147 273 88 65 126 6 299 219 240 96 130 214 382 261 82 406 237 105 66 320 276 168 301 376 80 32 113 171 250 205 302 16 285 284 157 216 420 377 77 167 303 158 139 286 35 411 108 206 62 275 52 351 47 45 281 48 28 115 236 23 209 33 43 99 87 364 146 405 310 305 135 234 9 169 390 259 314 145 252 330 37 298 404 243 309 76 328 226 175 8 14 319 109 349 31 89 149 64 215 153 127 53 118 110 282 91 195 408 424 117 350 201 163 42 94 70 84 265 280 188 294 239 417 68 54 346 40 345 186 249 380 18 218 120 293 296 150 235 383 341 172 312 325 50 412 334 192 34 5 51 164 187 85 180 142 367 98 152 107 370 36 55 340 71 248 22 244 422 247 290 361 238 366 358 402 352 155 423 46 274 311 56 263 174 317 308 207 257 90 410 385 2 268 391
Case #72: Yes
369 257 383 377 3 334 97 297 246 206 34 391 70 198 250 403 113 436 211 66 288 463 35 381 397 262 77 303 493 333 405 119 464 60 99 284 433 111 472 478 86 480 423 469 266 84 44 421 263 76 186 17 110 430 175 479 178 290 417 154 443 323 434 256 318 87 171 450 458 85 404 265 219 107 373 418 356 81 380 419 217 190 153 294 357 5 224 387 271 414 214 248 395 164 2 79 98 191 492 287 346 52 281 197 189 176 118 374 415 115 402 325 12 268 315 272 316 227 221 57 460 106 366 7 354 407 53 355 459 413 416 368 47 142 360 376 39 36 385 112 408 399 420 23 116 71 208 487 454 225 379 390 370 331 130 136 457 149 424 205 398 159 367 339 283 462 33 100 9 182 467 324 82 194 343 49 486 392 280 328 216 90 342 218 279 233 359 94 388 358 489 371 18 63 426 422 48 295 141 300 132 352 6 95 220 242 477 317 476 320 232 311 439 46 440 117 494 20 148 42 143 425 437 273 213 104 75 497 309 350 64 446 58 473 129 193 96 396 329 156 150 8 14 291 255 4 21 384 488 400 491 432 261 137 203 260 133 274 296 481 445 80 61 163 456 412 475 62 38 172 411 278 1 431 188 441 144 243 362 258 314 78 326 498 319 91 43 19 338 15 207 103 173 241 444 249 140 179 226 187
Case #73: Yes
1 4 7 10 13 16 19 22 25 28 31 34 37 40 43 46 49 52 55 58 61 64 67 70 14 73 76 79 82 85 56 88 91 44 94 97 100 103 104 41 83 106 109 112 115 15 118 121 124 127 77 130 133 101 136 139 142 145 148 151 154 157 160 163 68 166 137 116 169 35 105 172 175 29 140 17 178 78 30 181 184 187 190 193 196 170 45 107 199 176 128 202 53 205 119 92 62 208 211 214 217 220 5 188 80 223 226 50 23 229 65 20 232 197 235 32 24 21 233 108 238 209 189 138 36 241 81 182 244 247 250 177 253 122 256 248 198 164 11 59 218 38 125 113 259 262 265 268 95 71 257 134 146 47 271 123 89 141 63 224 155 194 6 195 274 114 200 60 277 210 245 219 98 66 26 275 48 143 167 110 280 236 206 276 283 242 27 102 254 263 161 281 272 117 120 203 173 42 221 264 239 90 243 158 204 222 185 286 149 260 152 201 18 237 111 144 225 261 156 240 266 251 230 96 227 289 215 231 292 269 212 131 99 171 183 295 270 51 159 162 278 168 33 246 213 293 191 252 179 150 296 153 249 93 39 298 287 12 284 228 129 147 135 258 299 267 290 282 291 186 72 8 165 86 84 74 207 297 288 192 255 2 273 57 234 279 300 216 180 54 126 9 174 285 75 294 132 3 69 87
Case #74: Yes
74 360 343 226 236 6 355 130 133 141 148 35 190 13 24 341 54 78 86 76 58 126 358 234 282 131 9 255 127 7 332 346 134 168 88 301 249 170 313 82 262 288 196 175 353 322 272 359 50 280 363 228 70 209 155 151 208 279 369 197 17 334 344 153 4 229 321 233 112 63 62 94 107 56 75 32 298 18 251 205 250 356 345 211 184 244 367 212 117 277 119 124 260 210 241 144 41 33 290 169 292 90 352 149 172 199 252 316 98 225 263 16 116 286 268 159 44 100 147 99 73 3 207 178 40 26 331 278 265 202 198 109 11 59 326 138 364 154 203 161 20 53 69 142 349 291 2 46 271 231 348 329 132 300 165 309 213 287 102 110 15 283 85 181 125 232 219 325 81 96 65 95 220 264 103 30 114 31 19 276 235 143 49 317 333 10 266 42 323 104 285 176 188 305 92 177 340 28 284 368 29 166 372 186 171 1 267 115 221 139 163 160 257 120 162 135 274 93 324 38 215 311 248 337 129 296 191 60 200 71 91 351 182 47 34 150 269 14 320 304 179 239 52 295 72 310 77 57 8 223 61 152 254 21 336 204 242 37 273 366 25 43 312 194 187 89 128 308 156 293 87 230 339 342 55 335 121 224 137 51 5 289 12 299 247 136 261 79 243 66 108 174 216 373 111
Case #75: Yes
1 238 29 7 16 153 307 219 336 381 38 27 198 5 14 19 231 413 35 28 106 409 125 272 252 109 365 205 79 188 2 165 418 232 268 36 20 211 102 130 341 40 8 298 46 189 101 43 297 382 126 42 424 430 45 304 404 48 235 320 266 184 49 281 415 92 15 99 216 251 77 234 280 17 273 164 57 67 23 22 292 154 356 58 316 201 86 221 148 150 64 247 377 408 425 12 193 312 322 212 326 200 373 300 62 119 70 199 375 194 335 347 52 185 168 51 66 293 44 108 61 267 85 305 11 55 69 145 73 439 434 433 367 287 121 444 371 114 397 334 96 146 54 286 34 31 60 203 314 97 265 56 133 440 75 269 446 442 151 134 173 3 39 378 13 366 30 359 83 380 364 384 416 230 410 295 386 59 6 41 90 94 392 215 74 159 26 426 379 333 390 313 170 372 10 197 327 220 82 376 120 158 340 152 348 405 315 419 204 105 354 242 429 76 296 387 166 53 50 78 391 113 332 95 91 255 423 357 142 233 87 401 385 190 441 4 72 63 279 192 374 321 248 299 24 33 270 100 93 65 241 175 127 282 355 68 47 353 318 337 195 360 9 143 80 155 89 81 149 239 436 177 196 98 71 306 32 331 323 172 330 131 317 18 240 338 37 88 167 256 21 358 25 169 207 308 319 84 363
Case #76: Yes
460 481 233 324 327 472 1 26 27 6 489 219 154 48 459 98 7 15 411 109 500 317 456 315 374 240 193 267 155 19 468 340 9 394 160 370 280 11 218 20 224 208 396 122 232 326 79 215 8 479 245 312 14 22 261 438 112 36 373 16 28 386 30 274 130 242 32 34 38 281 143 278 309 305 41 292 466 189 177 336 44 46 51 445 381 37 53 55 33 39 239 390 410 269 435 165 436 59 417 450 56 268 484 254 152 96 395 61 5 47 80 101 129 430 293 486 313 4 67 407 23 49 45 369 29 257 429 42 401 69 474 169 246 428 71 99 371 77 266 111 427 54 81 123 35 52 214 58 448 161 392 372 380 97 137 335 418 83 420 480 24 74 25 72 66 258 176 357 253 206 64 17 387 444 482 358 393 60 151 295 437 454 31 132 231 76 184 499 273 276 439 403 323 13 73 85 441 89 434 337 70 210 50 397 241 319 451 384 124 194 138 144 94 190 320 453 2 168 196 447 185 419 279 400 458 91 173 199 408 402 247 297 10 483 87 308 195 18 170 376 88 306 375 102 139 114 131 84 12 270 92 442 389 260 406 368 385 473 339 207 86 75 449 475 467 21 465 82 3 201 93 172 405 40 62 78 100 223 43 277 65 63 95 57 68 90 446
Case #77: Yes
498 499 500 501 502
Case #78: Yes
103 191 387 290 311 4 272 9 366 19 69 197 360 428 276 83 238 165 483 252 398 443 11 116 437 31 349 343 273 13 475 17 188 323 310 38 117 88 92 96 478 80 22 409 445 18 106 7 123 351 28 263 260 314 452 424 337 339 289 181 371 34 411 361 241 87 219 486 82 291 112 95 438 365 450 335 47 220 178 251 257 71 286 43 72 23 267 253 203 281 434 12 477 355 393 20 51 470 182 14 342 27 25 282 35 49 140 435 264 41 154 500 58 56 402 463 149 53 490 155 156 66 370 122 329 45 461 432 284 39 60 496 307 26 465 24 81 180 132 93 259 185 261 277 451 33 152 79 127 173 375 417 59 179 202 489 338 317 61 30 118 322 54 44 433 474 137 467 158 164 309 237 258 354 198 209 242 233 97 177 308 480 240 50 425 208 187 183 55 390 186 6 462 385 473 104 1 109 64 426 397 347 21 32 36 100 312 68 192 295 464 266 94 302 303 359 48 5 70 16 196 57 76 446 2 119 265 201 46 108 120 42 40 294 10 73 105 91 89 340 65 468 418 442 278 218 151 376 75 262 78 318 234 229 346 283 150 111 341 67 107 3 254 372 63 328 121 138 386 29 350 228 336 419 99 37 472 440 166 141 172 126 167 292 469 441 125 15 403 420 221 285 8 62 74 52 427
Case #79: Yes
48 307 416 458 461 135 62 277 284 122 367 356 398 113 150 496 383 47 147 112 228 263 40 1 4 11 33 393 357 120 155 394 216 342 13 17 273 410 21 399 384 472 304 411 498 224 134 5 141 23 27 172 29 104 253 418 22 31 478 78 51 271 50 431 336 343 401 427 321 452 420 311 37 144 44 455 97 328 41 165 117 87 179 15 94 63 242 453 35 354 43 459 75 432 16 385 46 454 292 114 52 102 173 30 56 291 2 400 45 435 58 236 417 428 331 60 318 65 67 69 402 305 214 456 54 66 448 287 249 28 73 332 359 306 366 351 77 471 262 486 241 81 83 34 415 180 167 430 272 88 409 460 358 90 360 20 425 82 92 107 362 488 25 96 184 95 14 339 80 91 6 146 103 53 352 447 115 108 265 9 457 235 38 451 32 3 84 10 131 227 79 463 270 483 119 464 109 211 42 377 424 68 110 74 105 86 118 283 295 57 49 166 59 116 484 98 72 355 278 7 254 301 288 101 333 268 248 421 312 391 326 296 168 106 8 123 18 171 338 327 324 24 361 70 325 39 267 76 210 64 470 233 436 124 376 439 185 36 145 223 126 156 61 344 121 462 382 140 151 55 85 310 264 12 303 127 125 111 100 89 19 128 26 129 202 130 237 437 232 279 229 480 313 238 334 99 392 71 203 93
Case #80: Yes
151 69 3 5 259 171 201 7 271 127 120 227 165 363 456 221 88 157 348 99 18 217 11 147 22 13 35 83 257 248 403 485 15 62 370 21 366 426 397 113 68 49 19 70 114 487 249 96 135 413 24 317 26 78 461 12 29 197 31 326 398 219 262 386 337 75 260 10 58 33 107 37 52 331 106 208 415 358 145 350 429 252 224 388 189 4 451 312 55 436 193 16 395 492 158 79 43 483 242 73 42 449 225 251 108 467 46 170 444 469 220 424 2 109 289 379 280 428 284 139 50 56 105 48 234 479 192 60 294 250 125 267 223 20 146 384 380 138 464 92 66 155 128 63 199 30 228 181 307 372 282 167 493 131 427 439 387 164 435 407 216 273 57 140 34 321 61 100 1 188 268 393 396 47 41 437 270 477 44 357 137 373 283 65 367 134 374 332 191 121 338 32 351 27 423 102 98 313 470 361 71 290 275 149 174 476 124 152 382 85 207 184 369 412 54 416 195 129 89 406 474 179 404 462 77 39 40 341 76 166 383 292 6 285 430 261 23 347 246 344 446 408 80 64 296 266 362 8 123 130 177 342 276 59 28 473 308 459 84 316 45 17 333 36 74 150 72 51 460 53 457 394 375 38 345 243 218 256 253 9 180 67 265 14 371 122 238 154 198 86 209 334 247 25 441 480 402 202
Case #81: Yes
273 107 267 112 461 404 259 148 264 313 25 20 285 195 496 222 414 167 192 277 415 106 317 1 182 188 405 88 236 178 47 430 275 328 114 390 262 274 3 309 177 384 24 197 439 373 7 36 443 434 156 126 453 89 260 140 181 193 124 271 173 428 310 9 219 427 11 13 6 364 157 18 284 100 17 194 23 272 52 339 431 468 184 409 485 87 442 144 348 369 70 209 478 29 68 163 129 127 375 454 499 250 48 4 455 121 154 98 76 254 326 210 162 83 355 494 283 402 491 214 216 10 349 93 102 420 363 150 446 225 111 360 319 287 490 211 340 176 456 388 435 33 168 304 71 142 397 172 94 240 311 433 159 344 40 12 324 165 301 249 412 44 39 45 15 361 183 198 218 449 462 479 49 335 371 141 26 65 16 263 413 459 333 90 53 64 305 8 217 179 105 54 422 334 251 161 166 27 130 30 190 51 35 387 295 28 46 37 252 370 359 492 85 196 5 101 14 484 50 215 322 63 56 2 270 408 226 460 43 136 21 470 31 81 308 497 155 495 316 489 41 223 120 342 224 296 137 34 200 213 243 82 237 187 170 160 239 22 32 395 58 385 318 302 191 75 424 248 440 125 57 69 411 62 464 391 266 61 55 312 374 19 480 42 255 189 403 241 60 447 221 171 463 38 286 212 425 401 354 336
Case #82: Yes
213 432 169 1 3 375 434 111 71 501 94 309 138 458 325 249 479 98 250 123 329 314 120 304 357 363 125 349 235 421 188 34 330 134 245 24 437 29 447 97 311 261 226 411 355 500 219 8 202 14 146 462 453 175 107 176 483 454 356 380 307 490 189 17 480 292 476 266 283 12 18 110 379 143 485 63 121 86 64 22 209 19 83 368 180 308 77 100 5 285 193 413 408 26 31 382 28 441 181 405 293 465 354 239 370 59 272 116 2 371 348 177 262 237 477 210 220 451 81 225 487 99 112 117 406 102 486 433 216 495 410 33 277 4 13 388 496 381 222 326 313 214 366 420 42 217 263 48 57 91 473 449 41 9 284 344 137 191 60 197 212 39 88 274 179 460 265 229 79 154 303 466 383 497 288 122 392 73 372 68 49 378 11 320 343 481 273 369 223 419 36 150 227 221 424 158 339 489 35 153 218 442 90 40 43 414 282 30 340 395 152 37 27 6 174 183 142 484 185 70 15 211 105 159 132 144 7 184 44 362 23 21 76 198 472 373 319 498 168 128 162 425 386 10 58 20 38 186 32 72 124 387 450 101 93 108 264 459 436 385 157 67 50 89 205 135 243 294 438 401 260 255 367 324 104 234 259 461 377 423 201 45 254 187 25 147 464 276 253 402 478 457 494 482 16 337 46 109 310 161
Case #83: Yes
4 229 8 10 14 163 287 71 116 133 341 206 342 251 239 129 389 3 20 28 30 11 182 104 9 192 214 89 266 176 34 159 264 115 58 134 102 257 141 315 37 245 202 286 39 362 235 46 300 42 155 281 161 256 60 230 201 119 43 180 15 44 152 244 48 267 331 126 50 56 400 347 205 195 62 26 7 393 339 125 61 247 64 87 291 294 140 218 332 255 66 24 132 358 29 27 1 68 191 70 173 301 391 196 118 321 209 74 398 343 338 79 200 19 88 41 78 49 160 271 396 388 73 90 224 181 59 75 293 82 6 23 223 149 65 404 285 219 131 84 55 83 204 12 86 236 94 96 278 211 112 114 272 250 366 232 413 412 397 40 170 296 98 101 106 263 158 123 276 108 373 312 183 284 111 110 2 33 154 292 288 295 194 99 36 120 316 69 367 279 283 153 318 130 344 91 92 297 93 145 340 162 53 16 253 77 210 314 117 407 35 25 171 363 47 135 172 403 317 128 175 107 127 207 348 215 18 392 113 350 85 351 275 313 282 32 240 13 76 399 97 121 374 67 51 45 237 81 248 100 80 54 124 63 22 109 150 95 184 169 52 177 369 368 146 304 411 57 337 185 21 387 409 31 395 38 254 105 320 406 17 5 394 303 122 233 408 203 357 311 234 252 103 386 164 72 212
Case #84: Yes
456 55 168 217 197 390 36 1 273 115 392 117 290 310 2 332 381 483 496 351 132 400 178 248 375 295 87 448 411 233 122 135 68 286 12 394 69 192 297 224 95 296 210 82 7 167 190 108 124 270 149 97 70 221 58 9 141 80 230 271 365 445 152 59 368 489 162 327 261 13 341 447 423 401 15 33 114 18 283 100 366 47 199 255 159 213 23 442 17 500 324 20 393 31 24 28 146 499 27 49 330 321 182 209 450 386 158 172 371 355 487 410 147 278 123 307 441 262 90 319 424 373 67 169 488 26 432 103 138 39 256 474 22 433 391 48 305 461 125 104 166 175 200 358 249 446 81 193 75 140 204 328 309 335 383 163 484 214 56 380 77 348 96 364 112 338 385 32 458 239 340 107 30 257 14 37 289 137 352 435 356 60 148 128 479 189 495 485 218 427 79 325 29 191 369 25 322 35 78 229 21 350 211 3 54 451 326 482 472 170 258 346 306 134 242 186 94 436 497 473 302 426 92 225 452 336 303 16 235 11 254 118 126 76 241 357 212 422 113 109 331 453 150 5 203 8 251 74 57 10 201 388 234 153 183 215 45 4 38 6 379 395 287 174 101 378 398 34 131 184 157 434 384 238 298 387 88 244 478 250 480 443 145 119 475 337 253 323 284 339 139 220 462 279 223 281 173 19 144 374
Case #85: Yes
208 45 206 262 46 300 75 237 56 111 142 79 358 100 327 303 349 203 109 114 355 141 241 173 311 115 256 202 388 156 143 260 227 196 110 190 24 108 291 274 118 180 350 371 64 1 120 157 149 4 345 36 163 352 332 122 397 176 68 250 259 192 20 99 231 8 35 7 11 182 95 299 319 207 359 107 6 94 22 364 51 318 280 130 267 243 139 400 144 330 199 135 252 2 162 88 91 331 200 247 278 266 215 32 67 128 65 123 222 320 315 5 188 211 55 347 340 365 159 23 276 328 387 72 210 228 268 312 216 103 255 294 240 10 167 396 181 44 270 150 50 179 290 271 52 374 82 48 102 175 61 198 287 126 16 40 275 195 356 152 12 74 284 18 76 296 15 71 13 298 80 310 344 174 112 131 392 229 246 89 283 3 28 373 148 248 314 322 223 26 63 339 261 401 360 73 17 395 242 308 366 204 54 93 324 304 309 191 184 194 272 124 104 132 348 295 302 66 230 136 286 326 84 376 92 169 244 357 172 153 30 98 134 288 140 292 155 96 119 224 369 171 372 383 313 384 368 316 34 391 214 367 39 127 9 238 254 212 151 236 189 43 160 164 279 116 27 282 264 338 187 323 375 386 251 183 232 90 381 390 346 62 47 31 168 263 380 81 382 14 385 60 21 158 83 399 239 351 19 38
Case #86: Yes
224 48 267 494 122 257 314 382 94 66 306 191 1 490 3 49 9 478 327 413 381 329 8 192 273 5 204 242 376 391 11 223 182 14 263 338 303 17 12 21 19 99 25 358 248 411 493 16 2 236 103 27 308 185 277 226 434 300 396 232 29 87 339 326 241 95 385 249 312 471 220 420 184 334 36 333 244 492 483 439 295 166 18 140 40 141 403 328 167 152 479 215 254 46 228 383 468 42 53 227 67 187 44 409 160 289 379 393 395 126 245 89 266 107 45 28 230 216 31 373 229 394 37 50 341 431 470 331 63 430 307 54 361 24 283 286 178 32 10 255 489 357 404 93 294 127 59 384 285 134 143 237 366 39 91 144 56 287 61 362 302 38 407 290 463 164 57 65 427 429 6 7 275 51 4 125 163 70 58 377 392 120 233 469 159 355 13 33 459 90 500 476 256 260 55 301 121 165 60 222 41 136 71 460 186 261 386 272 15 78 438 309 98 464 442 447 169 425 68 212 34 179 367 282 450 359 297 20 151 421 30 79 246 486 43 135 408 410 180 208 448 109 368 88 487 205 356 281 375 449 335 414 498 22 280 35 477 264 73 231 175 174 64 330 124 85 74 433 77 52 183 62 156 128 161 372 155 72 484 441 158 496 83 153 221 105 23 495 69 47 497 81 168 26 86 129 340
Case #87: Yes
24 412 239 378 491 13 235 429 108 1 142 444 6 197 416 407 22 206 31 10 70 477 426 419 392 19 316 30 286 397 148 8 346 408 136 450 414 176 267 62 417 134 12 479 15 29 152 73 171 80 84 179 475 184 295 257 4 247 307 500 208 14 328 23 325 56 285 451 389 91 237 5 55 157 288 26 240 34 37 425 218 214 61 432 95 373 243 248 39 281 215 160 207 225 434 41 177 330 313 383 374 42 81 476 43 182 69 338 464 155 193 347 376 253 385 411 104 306 138 45 329 44 489 96 149 321 3 216 49 490 292 173 437 377 121 105 153 25 246 178 33 438 198 221 339 366 202 395 164 9 144 129 457 222 194 181 180 151 463 272 470 315 11 293 131 337 51 57 103 375 106 348 455 365 165 135 242 187 21 77 469 394 54 282 36 90 132 85 59 150 48 351 266 343 143 18 201 212 386 265 125 435 327 223 32 499 401 183 126 99 271 252 370 379 369 50 462 200 35 116 133 420 431 319 154 326 38 58 484 60 232 384 318 46 128 388 219 304 139 28 400 7 98 156 458 74 305 137 478 20 97 355 354 296 350 217 421 413 342 424 443 340 16 53 456 86 40 393 430 398 186 110 483 17 195 117 163 349 467 427 480 127 47 320 2 140 196 72 254 468 213 174 269 27 203 52 78 308 241 172
Case #88: Yes
93 388 94 389 202 1 208 141 111 38 2 387 112 92 140 24 36 35 214 25
Case #89: Yes
433 51 73 217 413 102 2 304 338 197 6 10 14 268 134 145 70 432 372 21 259 108 25 49 357 431 186 321 27 29 33 166 242 303 26 285 153 87 39 312 292 44 400 241 272 393 397 172 163 116 18 171 50 218 54 358 442 35 425 58 47 309 60 180 77 38 62 36 64 12 428 436 42 334 360 198 117 124 67 20 23 19 314 405 72 439 252 123 159 57 388 162 396 46 420 384 52 279 342 210 261 81 332 86 333 154 419 271 185 84 93 94 305 440 114 306 95 366 351 221 99 104 103 111 83 112 15 78 447 443 100 107 63 313 160 48 258 350 315 101 238 82 130 97 88 126 119 193 174 71 68 364 127 91 412 399 448 146 203 34 4 69 260 220 31 294 240 43 426 337 251 109 248 368 5 61 125 392 349 85 345 414 129 335 165 120 133 445 173 369 371 235 296 118 137 194 74 13 293 135 66 230 11 16 234 247 30 331 438 379 267 307 354 96 361 92 348 353 121 323 98 22 139 76 53 406 310 113 387 141 136 219 380 237 65 131 383 308 79 40 246 143 161 17 231 311 90 3 182 209 140 37 45 110 421 89 28 147 132 142 367 55 59 138 378 148 343 446 115 41 320 216 181 105 106 8 128 286 7 32 295 278 164 1 324 75 80 329 144 365 122 56 330 344 9 24 430 204
Case #90: Yes
70 231 8 14 316 18 97 251 22 98 24 197 317 39 30 374 249 201 252 26 294 32 89 34 5 296 36 235 38 361 403 28 384 263 60 66 128 395 41 109 336 305 87 49 257 44 344 71 210 293 243 232 45 331 250 50 142 134 55 83 51 42 57 381 124 327 182 198 132 25 181 383 102 15 63 373 6 81 54 357 67 269 314 194 380 236 131 347 253 354 262 85 9 217 386 298 78 277 84 330 245 64 405 93 88 299 282 358 79 101 20 40 311 95 203 133 394 118 121 103 367 321 224 99 13 372 338 214 337 122 73 104 19 362 246 110 114 90 7 328 116 387 136 222 47 123 135 140 157 96 144 355 129 108 303 56 4 302 295 278 392 146 148 195 315 75 137 92 153 200 126 398 141 402 218 171 127 143 150 310 254 29 74 82 11 270 138 371 155 160 46 91 158 312 105 404 119 162 76 209 139 187 48 61 10 68 147 117 230 368 211 178 400 223 112 52 154 261 21 77 164 360 113 58 172 237 107 281 309 53 159 16 62 17 339 2 94 161 80 115 152 268 242 31 43 213 297 346 130 184 151 1 186 190 180 125 306 3 86 12 65 343 256 100 23 37 322 106 233 166 120 149 33 111 391 177 59 365 69 163 35 260 167 202 165 191 72 366 145 385 156 27
Case #91: Yes
1 2 7 9 8
Case #92: Yes
51 1 188 131 55 31 189 69 89 15 214 90 17 181 8 94 178 62 39 184 88 204 22 140 126 199 52 118 25 49 127 218 30 108 57 14 9 206 20 84 170 50 162 68 207 102 106 185 35 130 161 34 179 21 93 71 200 74 2 205 40 54 142 123 211 213 171 85
Case #93: Yes
478 407 181 271 168 480 5 330 90 96 141 499 19 88 47 150 462 449 56 44 413 9 365 302 13 417 179 198 351 490 400 412 99 428 48 270 360 34 329 21 376 296 25 315 8 249 83 337 240 309 27 460 24 46 342 355 399 259 28 362 145 1 49 29 189 143 26 324 89 282 453 226 356 372 36 328 396 112 32 382 142 388 299 119 23 484 121 257 305 133 495 184 427 120 393 238 93 392 66 307 228 113 193 343 414 14 10 204 493 373 283 162 153 347 425 326 297 447 288 128 18 357 475 353 12 159 264 212 378 340 459 206 37 293 38 292 359 419 273 39 424 354 383 258 33 77 81 76 479 65 30 97 285 195 367 191 22 408 199 497 71 180 161 237 418 43 377 369 260 59 395 163 15 2 494 348 52 94 124 156 242 95 6 321 488 439 352 17 256 420 86 220 436 104 275 101 134 485 3 58 415 154 60 325 140 333 149 361 229 406 98 225 487 239 320 50 151 194 464 54 432 491 232 402 197 7 371 188 35 336 45 127 496 458 331 152 476 31 401 387 51 11 291 303 102 123 314 248 227 350 235 448 82 231 40 78 213 183 218 157 384 306 214 41 430 461 55 20 489 100 345 327 243 234 339 454 405 366 219 431 61 67 267 146 286 492 398 72 313 4 42 375 160 346 247 57 16 196 53 298
Case #94: Yes
1 2 3 4 5
Case #95: Yes
422 125 264 36 73 31 393 1 318 423 4 6 356 175 361 446 400 21 13 96 242 381 486 399 383 17 388 104 5 228 336 29 102 201 365 227 276 296 234 92 217 240 19 294 165 127 320 352 239 382 431 56 50 357 259 75 367 249 84 105 30 222 470 22 489 39 366 76 182 26 448 122 41 359 220 163 477 425 12 118 24 49 329 81 241 150 436 43 35 10 258 177 113 15 45 126 199 55 27 363 47 52 23 61 28 134 395 449 384 128 7 200 135 117 67 218 82 464 116 69 57 174 312 93 291 488 224 136 333 260 285 42 337 124 313 414 309 349 287 225 157 44 60 46 434 321 252 167 97 233 279 435 190 284 90 391 416 53 72 374 355 77 463 3 151 330 481 314 269 430 74 173 301 155 263 176 334 178 487 305 70 148 8 274 32 14 315 438 297 40 453 119 350 196 394 451 210 495 221 373 137 483 139 424 327 79 83 332 354 358 408 66 480 409 471 270 62 307 59 308 138 445 476 317 387 236 183 9 184 64 101 147 133 319 68 156 37 237 2 469 63 65 189 216 328 246 496 286 247 250 295 397 265 278 80 331 428 85 256 54 292 164 484 71 87 86 169 33 380 95 88 38 20 16 198 468 25 185 396 195 11 375 209 94 78 58 51 91 98 353 111 48 386 300 89 34 18
Case #96: Yes
4 75 62 5 41 55 339 185 183 270 6 199 77 271 136 71 225 1 12 32 215 56 350 133 26 258 283 205 187 30 13 165 276 181 115 34 53 57 109 161 2 316 138 289 286 20 44 197 226 46 27 18 275 220 326 50 188 182 317 162 200 22 35 342 63 52 42 66 139 76 84 127 237 64 86 233 93 228 61 60 101 91 37 291 103 145 111 105 107 117 88 164 288 259 14 90 119 110 176 287 193 280 234 178 58 98 17 121 43 125 208 129 45 100 231 272 305 116 246 21 120 130 131 102 209 143 151 134 245 155 11 190 48 321 153 96 168 261 67 9 167 33 269 198 85 132 122 309 65 194 192 264 81 144 38 112 25 170 99 80 251 149 172 302 97 174 335 68 229 214 201 240 242 158 148 10 203 206 123 47 114 39 180 150 211 202 113 186 195 236 325 191 334 327 82 292 106 154 173 171 304 79 184 207 268 83 213 36 59 257 29 142 19 241 310 267 159 239 95 300 217 175 219 40 135 146 218 156 320 328 92 282 141 230 128 222 265 221 340 293 69 16 279 338 189 140 204 87 7 72 177 94 160 336 212 137 166 108 260 223 3 299 31 24 157 250 74 152 28 147 126 169 78 73 163 341 23 210 54 235 51 301 349 118 49 89 179 343 337 104 15 249 8 124 196 216 70 324 248 285
Case #97: Yes
4 1 2 3 5
Case #98: Yes
42 62 231 472 115 425 487 82 217 180 94 169 395 284 192 3 140 391 24 335 49 227 445 152 145 74 35 122 278 252 250 257 361 326 319 12 188 462 160 420 430 371 409 80 299 210 360 381 283 52 25 460 320 75 17 312 133 287 291 271 350 442 483 201 87 265 138 56 418 325 91 339 98 411 84 193 108 392 103 47 340 68 131 194 376 496 1 416 259 377 182 237 367 427 154 432 101 301 7 423 208 32 458 470 28 187 378 109 273 480 168 336 102 53 264 347 224 471 189 341 214 10 280 334 161 266 383 355 297 238 488 245 8 397 43 357 14 443 220 213 229 139 473 44 390 497 73 173 171 96 255 222 455 248 413 132 31 290 66 63 117 236 329 276 486 150 446 48 369 479 202 2 170 126 474 241 294 119 396 356 469 272 441 172 206 431 19 453 444 181 124 159 110 89 242 203 9 4 61 144 21 451 362 495 346 6 385 143 70 5 318 311 315
Case #99: Yes
21 234 48 312 311 275 329 335 3 357 265 276 419 334 50 310 175 356 336 491 328 12 5 7 198 244 300 339 484 54 248 350 23 178 243 32 278 47 415 183 156 313 162 33 220 194 296 426 44 411 101 418 215 2 237 225 479 70 467 245 338 16 36 473 71 416 145 39 361 68 114 64 279 189 442 238 251 363 13 139 74 476 174 324 288 218 118 448 214 286 382 209 20 181 496 202 37 254 277 242 60 319 157 19 401 320 427 261 25 40 326 10 368 372 201 18 142 386 432 127 289 332 28 120 138 351 94 123 387 221 264 117 132 303 187 360 1 228 208 283 140 26 51 217 192 362 8 216 9 63 392 76 95 322 315 17 366 24 180 143 30 173 407 421 472 478 403 318 379 232 164 393 346 337 113 468 69 373 425 266 45 200 159 97 281 72 495 378 272 480 299 128 291 325 176 177 440 193 15 231 171 96 11 199 170 240 34 492 331 451 133 295 27 408 161 273 224 348 38 453 321 22 31 6 239 437 365 14 205 323 434 35 298 369 487 102 256 203 67 46 172 274 257 285 341 134 489 420 375 29 169 4 195 43 447 485 57 374 439 430 186 41 316 391 52 260 457 314 327 481 206 345 184 121 227 431 438 294 400 280 377 358 197 158 370 230 185 137 119 342 235 414 471 247 290 452
Case #100: Yes
340 367 405 446 106 109 222 300 258 238 96 43 257 276 444 341 34 134 445 469 47 80 387 206 168 46 81 223 237 158 454 135 205 470 447 103 362 8 236 277 295
Case #101: Yes
142 40 174 192 196 105 136 247 145 177 84 134 214 186 184 122 205 292 216 266 120 73 28 209 259 296 280 1 131 16 110 124 82 89 22 126 25 76 138 253 224 7 9 108 141 232 91 51 33 59 276 83 183 249 99 130 270 244 116 57 162 92 114 67 273 97 230 3 58 79 212 109 271 39 21 290 143 41 43 201 64 198 241 156 235 219 302 42 121 88 255 129 52 233 194 293 297 150 245 176 94 263 254 207 161 119 144 208 240 31 44 172 283 80 168 87 189 8 166 70 98 227 165 202 246 158 225 112 23 277 164 93 239 128 260 118 264 54 135 210 294 272 11 236 152 178 274 20 234 113 15 111 148 179 46 62 132 180 140 231 248 267 96 181 30 175 223 45 284 159 262 56 2 287 29 123 35 103 13 243 69 10 204 160 117 104 169 139 220 72 256 295 133 77 299 279 48 19 190 4 257 171 26 187 237 167 100 14 75 47 151 286 193 157 149 303 281 251 115 55 50 278 200 5 282 226 90 49 101 252 238 275 61 188 185 81 86 38 211 125 170 182 127 68 102 173 24 298 71 155 195 154 95 53 191 199 6 106 258 197 18 32 265 229 65 12 250 242 66 213 288 74 289 146 60 147 222 218 221 203 27 215 36 34 37 291 153 206 163 85 63 107 228 78 217 137 17 301 261 300
Case #102: Yes
7 1 186 286 21 3 278 13 272 180 275 288 473 16 482 414 191 302 458 252 130 404 20 10 267 318 26 254 22 243 50 259 28 2 397 386 30 15 128 90 401 32 46 169 33 437 495 336 469 37 9 166 39 453 221 73 68 387 145 304 41 43 67 301 149 45 8 413 325 406 213 411 334 92 52 66 381 398 34 279 25 219 298 42 231 5 402 440 29 328 54 56 430 340 299 95 101 112 314 317 119 353 48 229 58 239 44 232 481 60 412 395 280 441 429 251 359 19 17 62 49 144 258 348 64 152 162 380 177 118 316 352 205 291 132 53 273 456 123 315 225 426 173 212 244 59 133 204 376 474 283 496 61 262 71 35 74 75 358 76 253 271 425 78 341 416 460 57 296 31 248 238 455 127 161 189 72 300 307 500 439 203 245 405 163 448 6 82 335 108 120 174 81 84 139 282 326 399 14 363 88 96 364 24 40 103 268 91 214 85 449 303 351 347 394 27 98 433 38 63 247 266 277 70 462 77 171 378 187 220 287 93 226 4 195 461 109 228 129 382 107 327 206 178 468 329 55 403 415 36 499 113 124 83 333 97 86 489 490 450 134 94 295 87 51 434 436 69 165 65 217 140 164 207 135 12 79 99 306 176 47 80 452 400 192 89 23 150 11 459 365 151 18 202 263
Case #103: Yes
1 379 176 179 486 284 14 106 329 3 396 285 32 57 461 366 2 315 211 297 199 472 309 79 8 84 359 349 414 283 441 440 225 395 13 247 17 230 19 127 208 428 334 389 241 135 378 287 16 457 328 302 22 29 33 55 327 37 487 473 425 41 303 45 36 129 108 47 49 133 110 172 427 209 51 30 382 267 43 72 194 88 354 44 7 406 12 73 325 177 18 59 381 408 229 63 458 109 451 39 212 65 94 134 400 189 67 169 58 105 375 361 413 376 23 69 436 306 61 355 353 107 367 342 426 132 140 118 4 76 431 25 60 423 310 452 374 430 128 358 188 115 399 206 479 193 80 215 82 146 410 450 141 53 205 311 257 407 50 66 432 85 86 91 170 90 119 444 240 77 295 424 6 216 38 26 483 62 96 98 369 165 363 384 71 161 272 92 320 10 233 75 126 195 100 102 20 312 234 437 390 9 68 130 87 226 93 264 265 15 46 21 200 56 160 485 286 322 347 318 147 299 5 314 262 356 64 438 40 480 191 81 474 31 83 166 104 28 70 411 114 99 111 317 42 246 274 275 258 333 35 112 97 74 449 116 121 273 244 78 476 370 305 346 89 409 101 48 348 34 415 148 52 259 180 54 120 131 173 103 122 24 416 326 412 343 27 243 445 296 261 95 293 187 276 113 245 463 11 117
Case #104: Yes
80 305 359 264 1 18 309 3 332 254 303 86 426 23 471 253 411 287 88 61 90 10 133 191 12 243 14 120 109 54 20 40 321 389 269 373 396 5 28 298 331 30 284 338 340 217 377 222 171 34 36 38 6 45 324 369 162 8 46 70 49 413 350 214 55 258 81 43 121 39 163 58 9 110 136 204 29 343 390 431 95 138 37 62 397 64 367 66 364 157 42 240 22 394 242 68 97 73 75 96 180 128 2 77 378 79 333 41 51 111 74 87 166 405 463 92 329 382 238 25 94 466 252 174 283 72 215 101 393 349 239 267 457 368 11 47 165 21 323 158 103 341 353 13 82 458 53 106 308 122 112 50 278 255 84 145 185 135 178 114 118 241 24 144 115 395 124 465 489 179 447 48 372 173 197 227 113 99 404 107 108 446 435 170 71 302 154 63 205 153 265 326 126 155 464 76 228 125 130 184 85 116 251 344 132 327 190 67 339 286 140 383 306 245 131 7 488 201 483 57 363 59 462 27 319 152 127 83 266 17 146 156 102 104 279 296 181 33 98 376 406 65 365 261 16 134 192 472 342 129 60 105 220 93 260 456 56 123 362 375 52 139 358 352 407 246 137 482 198 186 256 119 4 31 345 35 15 32 100 26 69 78 44 270 202 218 257 436 142 91 117 89 141 19 143
Case #105: Yes
1 2 5 10 6 4 3 7 8 11 12 13
