Case #1: Yes
493 107 7 422 208 372 95 172 258 46 49 133 321 301 298 342 67 499 410 360 481 254 416 71 141 80 282 419 106 2 173 411 271 11 55 399 429 490 362 369 465 211 317 385 331 392 432 376 226 351 364 341 130 96 56 347 264 322 16 461 126 50 26 25 349 265 160 390 121 262 68 370 462 471 442 94 27 318 357 391 252 253 175 275 381 466 380 417 288 102 58 290 63 293 232 99 35 355 76 39 21 14 428 401 112 237 312 145 220 234 329 261 41 472 233 454 15 100 241 383 438 171 8 421 3 119 30 129 18 138 144 330 306 54 485 302 463 111 151 128 34 281 72 286 146 17 223 374 215 60 255 161 289 53 274 482 375 299 207 176 450 353 294 47 356 354 323 315 270 400 197 217 350 117 358 221 453 413 451 303 31 249 166 164 251 19 85 257 313 40 379 311 24 340 42 277 22 272 174 10 333 335 134 150 487 52 154 227 90 231 449 278 243 157 455 479 170 337 92 486 4 236 131 447 287 88 62 113 13 452 263 346 378 219 84 273 436 464 300 393 319 235 267 114 38 59 395 467 124 48 82 1 196 185 435 386 32 437 123 108 460 242 439 37 184 93 5 139 222 118 29 368 371 91 297 352 285 325 244 147 495 260 140 276 101 440 245 398 448 28 229 334 44 81 116 328 45 382 214 365
Case #2: Yes
1 2 500 3 4
Case #3: Yes
192 352 380 347 121 321 2 131 5 97 7 299 323 51 362 196 12 28 58 338 11 94 154 175 361 172 330 50 100 49 261 224 256 243 266 185 269 73 103 168 123 309 30 181 137 301 307 178 98 32 195 377 167 17 283 356 18 348 267 289 369 130 35 37 22 39 26 21 159 40 149 191 78 308 340 249 217 41 302 27 56 297 255 151 25 112 29 331 105 296 57 143 314 106 265 277 46 310 124 339 210 116 250 120 234 367 63 368 129 189 381 161 351 52 38 208 201 260 335 396 93 72 16 3 390 235 47 275 226 36 34 153 135 324 174 179 334 355 284 8 209 244 236 280 313 375 6 371 230 99 290 104 54 156 363 365 378 13 43 298 391 231 358 19 70 360 55 225 304 306 354 194 20 95 45 320 155 216 125 1 281 207 10 86 350 200 31 394 42 118 349 145 53 376 15 184 127 303 279 136 370 134 177 77 212 268 213 171 186 24 190 115 4
Case #4: Yes
244 394 44 344 126 68 204 393 1 245 3 395 205 69 167 2 83 36 355 243 365 4 18 343
Case #5: No
Case #6: Yes
1 2 3
Case #7: No
Case #8: Yes
209 341 14 162 154 419 133 123 157 78 28 255 217 367 381 268 216 200 26 313 388 316 95 202 423 22 405 428 310 58 76 289 286 50 459 175 374 323 321 16 47 449 425 237 156 139 347 291 276 174 404 90 171 187 79 188 331 77 41 232 127 122 351 5 38 412 386 273 222 51 372 329 436 129 368 182 413 21 206 272 214 35 172 197 362 179 119 82 444 292 448 349 208 166 360 295 312 387 183 257 340 87 260 73 234 269 384 457 8 104 199 43 20 98 305 284 332 432 344 371 346 244 410 198 253 350 12 263 365 246 439 254 356 426 330 108 418 406 132 185 39 61 210 328 397 249 195 251 106 380 296 66 383 37 17 55 221 417 85 158 49 231 120 159 10 304 111 89 163 19 124 126 170 161 382 68 24 142 235 3 143 48 9 258 450 430 186 401 228 324 99 112 150 42 376 335 353 23 370 109 320 88 285 69 140 402 373 94 420 144 62 70 71 7 355 83 325 364 443 282 462 343 361 13 134 148 334 114 205 36 93 311 4 224 201 437 184 240 103 30 131 96 431 322 60 53 207 227 31 357 72 33 247 274 252 213 54 137 167 354 40 245 100 146 196 375 348 65 138 56 164 45 275 440 352 219 336 125 84 15 211 2 463 278 152 395 266 267 128 315 64 326 223 359 264 218
Case #9: Yes
2 3 1 6 4 5
Case #10: Yes
1 2 3 4 5 6 7 8 9 10 11 12 13 14 15 16 17 18 19 20 21 22 23 24 25 26 27 28 29 30 31 32 33 34 35 36 37 38 39 40 41 42 43 44 45 46 47 48 49 50 51 52 53 54 55 56 57 58 59 60 61 62 63 64 65 66 67 68 69 70 71 72 73 74 75 76 77 78 79 80 81 82 83 84 85 86 87 88 89 90 91 92 93 94 95 96 97 98 99 100 101 102 103 104 105 106 107 108 109 110 111 112 113 114 115 116 117 118 119 120 121 122 123 124 125 126 127 128 129 130 131 132 133 134 135 136 137 138 139 140 141 142 143 144 145 146 147 148 149 150 151 152 153 154 155 156 157 158 159 160 161 162 163 164 165 166 167 168 169 170 171 172 173 174 175 176 177 178 179 180 181 182 183 184 185 186 187 188 189 190 191 192 193 194 195 196 197 198 199 200 201 202 203 204 205 206 207 208 209 210 211 212 213 214 215 216 217 218 219 220 221 222 223 224 225 226 227 228 229 230 231 232 233 234 235 236 237 238 239 240 241 242 243 244 245 246 247 248 249 250 251 252 253 254 255 256 257 258 259 260 261 262 263 264 265 266 267 268 269 270 271 272 273 274 275 276 277 278 279 280 281 282 283 284 285 286 287 288 289 290 291 292 293 294 295 296 297 298 299 300
Case #11: Yes
12 14 209 125 19 257 211 21 250 489 204 103 1 6 102 9 150 413 15 80 386 86 411 167 117 153 409 166 281 453 233 124 232 300 18 210 320 7 137 31 287 178 387 10 402 75 472 138 357 438 203 23 293 20 90 17 380 471 268 24 97 254 292 11 104 301 401 13 443 420 79 366 280 316 4 231 466 356 208 245 442 271 286 321 223 455 452 435 30 272 8 25 142 467 267 312 26 451 488 244 379 165 155 116 249 246 2 421 87 319 3 408 311 224 310 158 494 5 22 73 181 98
Case #12: No
Case #13: No
Case #14: Yes
481 275 221 320 132 15 183 139 27 230 29 379 351 421 77 404 31 33 216 35 308 91 479 62 298 37 287 168 484 242 303 255 391 203 433 6 17 129 131 182 12 44 217 179 485 19 57 247 224 108 378 196 477 76 45 98 280 376 397 469 143 49 319 262 20 424 54 236 39 266 75 222 21 68 321 58 313 65 137 161 284 478 314 32 265 36 48 8 69 107 79 396 18 81 30 250 467 85 277 87 486 342 70 135 291 456 334 92 94 386 237 204 26 450 263 96 157 278 43 74 244 257 254 80 102 142 423 385 120 360 101 136 409 155 457 67 299 64 218 23 286 463 104 175 66 10 2 86 110 156 82 276 55 318 1 368 419 158 112 238 114 227 59 297 195 435 13 149 73 442 53 4 346 52 109 408 403 88 317 124 116 240 187 121 201 483 162 258 78 336 443 126 333 38 100 468 332 111 167 90 93 133 307 5 290 138 127 97 113 369 252 370 41 411 63 390 184 99 14 417 147 148 241 130 174 264 246 249 119 50 372 231 140 144 166 95 61 145 84 202 11 9 377 141 103 25 105 34 146 316 381 239 125 150 134 189 359 40 389 345 451 151 56 122 47 271 283 449 331 272 337 253 350 225 462 465 83 341 117 285 470 219 28 72 115 7 226 178 267 412 251 301 281 328 220 402 22 16
Case #15: Yes
2 1 3 4 5
Case #16: Yes
211 189 250 135 332 320 301 382 115 253 40 329 363 402 327 352 288 265 46 409 235 90 194 226 12 208 44 457 359 77 237 257 172 14 345 18 182 78 3 193 324 180 380 435 186 282 170 43 467 69 277 93 58 107 21 206 339 360 364 23 335 203 13 458 56 97 190 252 468 95 227 101 333 143 491 407 19 35 251 179 197 368 437 426 316 264 325 307 381 27 484 68 351 268 9 108 104 60 234 73 267 79 169 61 415 42 259 283 300 396 184 109 22 89 124 417 420 261 482 74 16 188 38 148 71 424 485 338 81 367 55 295 87 76 51 144 452 461 423 121 129 2 366 8 398 271 201 416 217 114 411 85 91 84 273 15 96 451 37 298 287 387 102 65 475 296 34 386 322 86 321 340 202 63 32 105 130 113 48 449 62 492 52 156 92 100 460 136 10 342 158 24 103 263 383 54 6 341 270 334 310 33 400 233 308 413 489 196 478 311 106 11 229 428 168 419 344 403 231 432 80 64 198 117 353 123 441 126 228 178 328 110 384 490 276 254 438 7 29 98 210 216 448 25 379 425 255 82 5 399 127 125 166 49 191 317 481 187 286 173 378 66 183 57 88 59 388 299 256 370 474 309 111 99 373 442 285 236 406 30 20 377 429 477 421 318 72 17 149
Case #17: Yes
1 2 10 11 20 21
Case #18: Yes
326 494 8 420 277 224 249 120 240 74 1 71 183 176 72 214 385 382 18 96 472 213 330 144 50 370 116 125 84 480 456 243 463 31 245 22 4 272 415 117 111 390 158 2 10 130 426 131 47 68 469 75 86 351 367 238 66 27 12 410 112 20 227 430 160 366 345 51 356 155 209 335 13 85 486 459 33 424 460 3 223 208 53 368 325 308 333 43 70 295 493 254 78 389 429 293 136 42 297 35 173 492 289 166 342 362 491 37 451 49 437 282 45 358 281 274 458 194 422 232 204 425 357 118 54 212 361 7 113 489 350 63 280 88 147 56 307 5 283 253 376 64 19 58 34 32 303 379 38 17 291 93 354 405 215 332 378 60 11 442 413 189 179 257 441 135 167 40 200 15 156 57 419 262 124 59 316 16 421 461 306 73 97 175 222 104 408 152 55 250 375 477 191 455 447 101 65 394 416 318 196 184 143 216 310 454 304 39 83 488 339 411 499 364 340 148 498 474 236 327 6 24 484 301 172 452 284 69 299 217 414 481 21 177 331 46 137 181 61 444 77 377 436 435 228 386 427 29 471 393 52 233 203 260 373 36 404 383 450 409 371 231 271 153 193 190 433 82 276 468 162 487 87 161 230 171 201 336 100 235 462 94 244 443 187 302 199 239 449 261 44 25 434 81 309
Case #19: No
Case #20: Yes
255 254
Case #21: Yes
260 288 488 231 6 4 453 8 17 186 391 436 19 296 18 268 190 168 399 24 230 269 474 184 194 26 28 334 33 463 261 239 35 257 458 179 37 361 39 228 192 41 145 109 16 392 203 110 217 368 74 253 43 45 167 141 425 415 267 47 51 40 25 55 308 3 10 183 36 373 218 413 32 414 13 115 56 11 208 58 442 266 61 224 344 207 64 254 331 66 106 107 435 358 489 20 304 9 132 65 104 321 73 384 42 433 189 142 343 139 68 62 388 245 182 130 348 213 485 57 394 38 398 14 204 127 332 434 445 71 105 69 63 34 294 97 128 476 135 251 347 67 52 451 212 77 70 473 305 235 424 234 454 59 54 60 265 185 365 437 377 22 48 50 229 31 116 338 129 46 123 412 49 337 29 175 124 408 297 244 76 122 385 222 131 459 237 362 103 372 44 376 289 393 291 98 53 89 23 12 484 90 5 200 201 147 209 27 149 423 146 223 78 290 143 134 2 407 206 359 15 306 293 446 452 322 443 389
Case #22: Yes
44 213 53 125 1 321 8 461 30 229 147 75 448 223 7 21 128 108 345 103 286 457 288 40 263 496 27 78 401 365 54 381 455 291 417 252 57 64 122 16 46 4 322 325 181 59 31 140 66 61 73 176 37 364 389 82 168 84 88 129 403 89 160 466 231 290 167 2 90 228 116 95 71 326 11 438 416 296 406 328 114 97 74 418 259 142 435 49 285 113 99 495 52 83 264 456 437 269 220 42 135 359 159 86 123 494 101 367 85 420 72 105 146 358 172 158 187 117 26 379 94 32 476 230 295 20 343 188 302 484 193 261 109 441 14 339 458 13 342 163 434 98 80 91 118 353 3 121 23 419 25 421 377 19 337 126 287 127 102 402 119 48 440 348 335 180 152 10 492 301 134 45 130 106 474 485 143 60 346 137 347 43 186 144 6 87 148 33 192 465 274 279 156 462 145 244 161 393 329 369 415 382 151 63 338 275 243 36 165 334 268 366 191 237 449 423 169 28 390 104 22 162 392 424 51 350 111 278 460 155 39 251 209 136 76 141 47 178 9 303 354 405 67 100 256 131 112 173 79 183 327 363 468 62 235 55 96 208 18 170 255 34 189 154 234 185 58 81 41 221 190 422 182 214 194 133 69 138 29 195 372 371 222 385 258 184 240 174 467 124 149 157 361 93 24 210
Case #23: No
Case #24: Yes
47 71 225 388 147 21 148 3 386 250 69 312 390 374 399 307 110 151 5 14 454 81 407 261 247 376 20 465 380 97 16 44 130 169 48 338 475 122 92 303 45 341 285 245 495 104 249 273 256 98 279 210 141 284 431 291 183 280 406 347 379 215 100 13 333 80 480 202 35 174 311 17 50 494 155 102 78 461 168 1 443 52 487 57 201 301 2 269 451 350 219 354 266 149 319 241 40 453 322 214 8 101 243 255 170 370 375 232 176 334 476 355 398 55 331 260 366 59 458 93 61 11 378 82 326 389 327 68 314 468 121 77 330 63 410 58 240 287 185 6 4 51 94 65 416 171 73 267 75 31 348 60 163 125 24 12 335 145 479 471 114 70 194 337 33 306 154 356 43 264 142 382 391 108 281 15 324 320 433 470 442 357 56 135 396 172 310 26 342 286 457 109 136 263 220 193 424 105 37 113 129 184 371 489 413 124 22 115 164 449 412 488 276 467 302 42 211 363 72 195 381 270 46 7 36 446 414 288 428 87 187 224 76 227 23 106 179 492 336 486 466 277 415 32 67 175 432 123 49 25 18 66 173 395 39 64 298 427 349 27 53 364 228 323 315 292 226 111 34 10 19 54 485 221 74 128 181 385 236 86 491 186 178 29 272 445 62 144 423 325 251 313 131 383 126
Case #25: Yes
356 292 386 42 261 3 286 360 260 425 155 90 477 341 86 111 417 76 347 456 295 165 85 118 354 75 253 296 14 323 4 311 234 174 8 479 466 218 345 500 284 11 264 327 428 175 28 276 65 202 294 73 206 57 381 146 465 358 13 52 129 81 179 279 469 290 398 126 58 142 497 396 270 115 314 280 395 287 222 127 324 272 153 440 266 198 376 18 68 108 124 200 285 316 225 227 473 109 406 110 125 169 387 310 60 138 143 216 274 359 262 54 94 449 291 353 476 434 401 154 101 56 211 166 302 241 10 22 447 263 429 78 405 304 131 419 268 15 43 187 230 348 201 442 157 486 458 203 112 366 23 349 128 6 322 484 431 355 255 205 12 51 245 481 212 121 474 171 25 297 368 55 337 95 37 315 471 312 319 418 480 289 402 265 24 74 197 107 464 333 384 267 334 132 226 34 416 103 328 251 178 404 91 375 89 233 239 117 133 104 29 113 455 460 100 247 482 244 493 16 427 390 342 84 167 48 320 62 412 80 38 256 158 5 420 61 210 363 414 36 20 424 362 432 147 134 63 457 338 145 309 446 472 242 77 388 252 463 33 303 196 1 32 257 140 293 186 47 397 53 411 393 156 152 35 193 394 470 180 122 269 150 209 450 435 240 308 164 494 317 430 383 389 31 377 26 326 374
Case #26: No
Case #27: Yes
208 466 475 17 286 224 333 399 485 233 76 74 1 318 40 204 137 3 75 219 319 4 78 335 378 65 353 232 497 461 283 277 340 2 218 278 55 5 18 339 368 6 398
Case #28: Yes
9 316 104 37 164 315 343 134 310 8 193 140 257 64 495 171 26 484 357 256 440 480 119 225 370 125 416 390 110 113 336 325 76 170 319 158 385 412 258 478 57 90 348 63 456 469 233 126 369 500 75 53 323 120 267 442 144 331 362 220 308 200 403 437 328 396 305 320 243 287 449 276 290 41 254 29 351 318 249 212 109 327 174 21 493 468 365 205 270 131 191 19 445 260 496 5 393 226 122 207 284 466 425 195 58 407 306 101 354 51 311 398 221 470 28 223 476 353 454 455 463 34 118 298 133 10 347 208 244 42 194 417 265 487 189 314 152 98 472 333 102 382 424 297 55 292 23 477 423 273 422 72 180 20 36 268 146 94 181 420 67 177 397 446 230 399 247 366 209 386 373 213 204 31 444 324 132 117 436 217 229 418 342 219 296 303 251 87 378 123 99 56 24 52 300 108 430 161 428 486 286 242 372 313 105 13 44 494 421 39 201 335 299 380 192 234 150 127 439 62 81 96 474 160 406 344 413 33 371 188 74 78 206 283 246 210 321 48 237 352 43 471 240 450 7 411 394 84 322 215 88 384 252 274 45 282 339 143 309 401 408 103 479 135 294 497 295 176 211 115 409 68 165 452 85 438 65 278 183 30 151 329 71 250 69 15 261 97 426 59 238 361 340 368 235 17 116 185 498 107
Case #29: Yes
271 72 178 157 8 65 291 40 45 306 13 47 125 191 96 169 234 51 94 228 202 272 7 53 58 67 77 287 134 102 82 273 95 203 34 241 247 141 254 307 12 237 64 23 84 87 175 166 107 92 138 109 294 253 173 300 256 116 231 246 146 127 140 252 159 74 121 267 2 248 20 62 207 143 148 50 171 3 264 151 41 49 153 236 193 9 21 76 71 304 52 199 229 145 197 90 126 33 18 135 130 186 268 11 286 105 36 240 161 163 133 293 167 269 162 101 179 195 155 281 35 250 115 222 22 218 1 310 224 282 80 226 213 124 147 180 128 100 261 31 275 238 299 211 156 210 214 200 245 308 208 277 188 60 17 170 139 89 201 183 164 118 289 196 278 154 215 55 290 295 168 123 83 292 235 259 187 260 97 91 297 81 136 59 88 265 284 209 198 225 274 301 184 303 311 158 296 152 69 270 205 227 194 44 288 212 54 189 217 313 305 243 315 27 131 230 258 75 137 317 6 43 204 114 318 117 103 174 14 165 192 276 251 176 172 46 302 255 37 24 56 108 182 25 4 280 285 149 85 177 26 38 220 99 73 144 48 5 298 112 28 39 78 119 312 111 249 150 279 110 319 29 244 30 257 142 262 316 66 120 10 32 320 57 223 160 309 104 221 68 239 232 314 206 15 93 70 61 63 216
Case #30: Yes
374 42 405 392 464 489 24 452 273 492 3 36 7 236 17 307 271 246 8 259 444 93 314 21 445 96 451 82 139 104 420 123 299 118 221 387 95 366 300 335 112 49 383 41 261 320 79 177 156 496 108 312 206 19 418 170 2 413 111 290 274 482 155 30 13 31 226 230 270 422 260 52 430 386 393 1 38 174 171 195 97 477 378 483 327 197 337 249 98 391 267 196 245 63 497 435 434 5 352 54 184 138 130 448 190 166 244 315 168 369 163 317 439 358 423 396 9 215 279 427 476 27 428 25 440 189 395 484 133 425 491 198 277 351 81 28 450 390 458 280 284 20 109 214 302 467 91 262 127 253 218 191 26 137 338 4 310 157 117 210 364 461 340 116 204 334 162 377 67 144 192 248 10 200 224 209 252 381 316 389 385 223 178 142 39 148 18 296 59 110 22 490 169 361 77 344 365 382 47 373 71 250 414 182 122 449 309 46 394 208 165 495 154 240 235 29 313 83 125 485 403 107 459 424 143 294 64 32 324 175 101 62 16 74 141 185 183 319 265 205 481 180 58 40 106 33 6 238 278 388 131 181 419 269 121 34 285 136 412 486 72 318 308 465 342 124 15 68 35 160 147 416 384 126 417 404 295 61 415 159 134 231 433 368 339 437 343 105 436 199 241 367 237 402 37 115 289 219 297 12
Case #31: Yes
134 3 135 461 8 2 429 19 386 186 22 159 480 202 18 232 26 482 484 263 50 6 382 366 347 24 180 4 371 333 420 258 102 485 355 89 166 27 216 350 160 245 298 123 308 282 276 401 163 146 354 292 441 312 39 215 124 264 80 299 136 41 394 266 402 45 337 341 65 176 30 188 52 430 114 86 96 138 56 384 290 458 79 235 32 451 449 481 23 60 335 100 137 62 55 486 93 207 67 38 390 470 148 140 21 307 340 293 328 61 49 321 467 58 428 424 422 119 59 17 411 344 95 151 84 157 393 291 259 35 99 36 183 227 88 150 42 406 179 73 78 154 332 162 436 40 309 412 43 110 407 231 103 416 109 314 242 66 370 194 152 306 90 97 365 322 464 169 270 31 37 178 177 204 7 288 462 54 351 374 345 191 192 83 385 413 117 261 203 421 122 324 265 104 115 131 427 74 92 187 105 57 70 34 72 409 200 29 471 190 44 254 106 492 440 283 76 310 359 25 51 364 130 399 456 325 269 487 87 408 149 240 315 397 447 479 195 68 98 53 107 10 489 113 465 82 156 289 165 5 205 334 327 28 9 164 281 237 277 13 189 91 367 141 446 217 395 437 20 358 111 490 210 12 118 33 182 167 450 16 419 491 226 14 253 211 241 143 48 112 46 145 466 209 63 414 142 348 260 196
Case #32: No
Case #33: Yes
259 61 146 10 17 230 338 482 93 137 6 473 308 19 81 42 311 21 26 434 426 364 32 37 231 20 2 444 324 110 392 242 94 150 27 205 499 30 310 475 493 147 386 217 326 9 176 383 370 432 463 350 267 162 368 283 47 331 130 333 52 144 56 272 70 334 215 53 8 288 50 85 135 304 459 151 87 362 282 458 48 18 479 251 346 58 63 183 452 483 95 106 184 472 341 120 75 76 39 31 109 88 349 239 466 476 111 375 67 115 69 478 405 436 305 102 200 3 249 14 262 378 25 294 492 64 437 98 332 145 62 256 390 214 460 366 371 261 277 57 45 411 44 92 119 180 363 175 474 15 65 152 240 1 327 16 265 412 35 177 353 218 348 480 51 384 319 108 77 84 388 182 41 13 66 211 5 71 127 321 169 422 187 79 167 116 226 225 247 163 46 355 38 281 73 489 143 354 447 271 487 385 266 292 131 443 207 7 89 421 72 194 464 178 325 320 367 477 399 360 82 24 377 206 448 257 208 467 291 209 186 431 470 22 136 420 500 347 128 290 279 129 12 138 427 352 29 199 323 401 393 400 280 59 216 161 454 252 149 455 284 193 33 219 435 210 406 451 255 365 361 268 97 142 90 484 74 297 238 241 121 55 374 309 36 433 132 395 40 101 382 423 60 298 260 54
Case #34: Yes
1 2 3 4 5 6 7 8 9 10 11 12 13 14 15 16 17 18 19 20 21 22 23 24 25 26 27 28 29 30 31 32 33 34 35 36 37 38 39 40 41 42 43 44 45 46 47 48 49 50 51 52 53 54 55 56 57 58 59 60 61 62 63 64 65 66 67 68 69 70 71 72 73 74 75 76 77 78 79 80 81 82 83 84 85 86 87 88 89 90 91 92 93 94 95 96 97 98 99 100 101 102 103 104 105 106 107 108 109 110 111 112 113 114 115 116 117 118 119 120 121 122 123 124 125 126 127 128 129 130 131 132 133 134 135 136 137 138 139 140 141 142 143 144 145 146 147 148 149 150 151 152 153 154 155 156 157 158 159 160 161 162 163 164 165 166 167 168 169 170 171 172 173 174 175 176 177 178 179 180 181 182 183 184 185 186 187 188 189 190 191 192 193 194 195 196 197 198 199 200 201 202 203 204 205 206 207 208 209 210 211 212 213 214 215 216 217 218 219 220 221 222 223 224 225 226 227 228 229 230 231 232 233 234 235 236 237 238 239 240 241 242 243 244 245 246 247 248 249 250 251 252 253 254 255 256 257 258 259 260 261 262 263 264 265 266 267 268 269 270 271 272 273 274 275 276 277 278 279 280 281 282 283 284 285 286 287 288 289 290 291 292 293 294 295 296 297 298 299 300
Case #35: Yes
54 235 295 18 76 1 131 424 84 459 115 324 192 3 322 118 234 285 11 183 20 122 85 51 194 103 405 5 30 321 7 50 79 465 36 95 464 8 483 294 461 189 368 165 347 282 484 263 413 412 374 9 417 277 82 166 4 58 93 348 455 276 102 141 33 57 378 406 116 244 86 187 178 153 367 2 35 443 433 262 23 12 77 113 357 482 375 356 414 10 73 6 13 123 434 170 355 159 423 416 130
Case #36: Yes
283 60 282 59
Case #37: No
Case #38: Yes
7 8 9 10 6 2 3 4 5 12 13 11
Case #39: Yes
59 1 142 208 469 363 4 246 274 443 267 78 264 344 99 7 487 383 257 15 146 18 38 452 253 182 58 48 49 11 63 258 54 412 19 384 28 406 111 42 228 101 117 16 39 424 222 158 428 52 110 23 409 277 371 276 36 486 8 366 69 27 308 364 51 77 488 454 96 326 387 72 223 186 313 35 70 169 148 247 446 492 334 377 122 422 26 394 40 32 50 393 17 421 80 83 464 459 283 456 317 453 318 343 323 103 132 386 113 139 287 332 482 309 153 94 154 328 46 303 481 91 147 288 376 151 128 174 442 241 57 184 352 312 419 471 348 354 353 266 327 243 367 324 112 427 417 100 71 483 89 144 129 382 33 31 164 199 399 2 118 224 216 426 259 413 362 37 88 347 370 282 73 157 3 209 165 67 92 131 242 263 219 127 114 231 304 302 217 491 162 407 20 14 175 68 245 185 227 468 43 108 168 84 279 418 297 385 137 119 447 81 494 87 167 463 298 47 12 397 178 342 172 183 314 163 230 79 252 346 22 333 473 307 161 187 5 41 102 322 296 268 109 82 155 124 369 286 115 166 467 176 97 74 398 121 262 445 273 472 272 441 104 105 133 207 66 372 232 62 179 378 136 316 152 198 284 45 229 143 156 85 21 457 150 177 173 254 180 392 107 411 9 6 462 197 64
Case #40: Yes
475 112 13 27 403 363 255 19 305 407 214 307 55 388 208 72 434 224 116 95 177 373 88 32 472 209 48 73 452 52 400 464 16 323 178 367 197 58 184 87 92 248 139 495 60 28 190 62 90 64 366 211 104 359 46 493 113 61 31 66 257 462 471 89 68 156 155 74 430 15 78 80 274 207 93 193 45 175 96 147 182 174 146 53 317 54 433 98 33 100 106 438 77 37 26 234 499 286 108 278 142 394 300 14 328 349 7 215 25 35 38 217 344 117 42 122 69 41 82 331 131 201 383 370 124 368 126 258 115 23 125 128 91 279 451 121 134 192 138 339 360 295 461 494 2 99 453 17 105 133 79 51 341 136 65 40 348 56 391 343 109 118 140 249 287 30 330 447 277 450 8 492 34 263 260 337 477 137 111 276 466 216 191 143 22 107 476 463 97 417 129 18 369 336 374 144 446 290 148 84 123 261 496 429 302 364 203 436 425 301 183 47 225 170 83 316 10 9 150 127 70 20 120 151 296 235 187 324 181 119 1 103 141 292 256 303 273 393 101 440 465 5 478 44 152 392 135 424 204 371 376 169 168 384 180 375 67 212 390 200 57 399 153 372 11 329 71 3 49 81 423 198 50 75 418 283 154 85 76 315 345 365 386 12 94 285 179 340 6 59 322 342 63 186 289 325
Case #41: Yes
490 397 73 20
Case #42: Yes
420 239 192 293 196 20 121 493 131 325 320 1 367 431 104 398 494 413 66 371 411 2 3 235 98 63 4 281 492 76 236 81 319 354 275 68 179 442 202 421 108 130 75 21 397 292 277 195 355 120
Case #43: Yes
496 77 169 370 41 280 457 369 168 497 419 371 465 62 1 176 262 63 458 394 3 100 230 42 207 2 175 4 395 40 106
Case #44: No
Case #45: Yes
56 143 96 155 305 39 303 330 205 156 179 253 373 438 122 3 486 287 1 204 22 426 231 114 268 108 72 239 236 278 73 467 313 478 316 191 475 277 68 339 282 495 419 61 90 69 310 4 443 331 290 261 336 425 355 24 185 263 203 466 154 498 464 349 6 77 148 130 120 147 461 171 485 314 323 327 453 439 325 436 250 228 271 111 375 26 422 222 45 337 214 218 199 312 391 490 468 17 418 280 385 189 91 109 27 19 333 286 446 242 289 237 140 334 38 30 340 159 322 180 83 116 429 346 97 15 396 29 230 252 298 410 46 84 41 473 262 234 405 471 390 240 129 71 40 459 60 59 238 18 481 411 124 321 49 170 184 441 452 266 50 301 243 10 217 304 16 139 9 465 32 188 351 34 315 119 25 299 105 500 33 488 492 477 309 153 57 235 64 406 383 11 370 476 402 456 5 379 125 393 183 403 103 81 363 371 260 281 320 78 182 74 55 382 460 131 65 424 12 306 494 335 2 392 381 421 141 35 121 431 317 200 272 470 93 8 364 350 458 324 160 216 31 356 82 227 353 115 372 264 265 445 254 20 36 409 487 462 167 455 417 437 348 380 472 496 233 58 215 352 480 427 47 198 248 332 407 326 341 102 178 37 344 117 166 21 435 28 430 94 13 434 270 269 354 223 48 376 386 113
Case #46: Yes
4 153 112 6 354 479 426 1 399 8 422 10 12 14 266 146 80 13 242 367 16 186 18 17 70 425 243 203 197 413 5 129 480 430 355 248 144 404 353 108 20 372 271 423 9 113 130 267 400 252 11 15 217 148 190 216 2 65 331 337 3 134 368 175 176 7 414 403 88 332 109 19 69 21 249 187 336 57 272 145 335
Case #47: No
Case #48: No
Case #49: Yes
211 35 9 191 437 324 286 20 23 413 36 471 422 389 246 427 488 278 250 32 153 14 170 26 8 319 214 454 320 297 27 369 133 272 220 132 190 84 43 65 31 10 40 476 12 261 33 156 323 429 370 305 127 402 45 439 430 41 28 54 388 13 124 308 317 56 316 192 269 58 111 423 46 403 62 67 48 384 71 152 17 69 239 15 285 461 225 426 135 151 355 462 157 232 76 300 80 357 387 490 141 481 206 93 480 257 95 120 444 122 98 121 475 142 230 238 231 207 83 3 77 109 315 276 51 101 103 178 105 495 150 66 107 57 138 112 16 82 399 47 458 68 258 443 104 96 29 440 114 60 171 306 119 179 282 11 7 372 432 354 479 376 116 39 102 307 128 496 59 61 85 329 271 89 425 34 184 130 63 373 229 346 21 251 55 483 398 390 186 180 90 30 118 38 22 139 143 314 94 360 72 75 222 266 144 445 487 451 42 134 358 113 131 212 185 64 18 294 145 129 459 424 299 438 147 79 81 106 52 412 240 492 70 493 154 117 5 200 158 100 377 78 25 223 226 99 148 92 391 213 49 44 87 53 159 375 126 275 74 123 108 97 160 280 50 110 115 155 361 2 345 243 452 136 19 162 472 281 161 221 140 202 163 268 330 146
Case #50: Yes
49 51 53 1 55 57 59 61 62 2 63 65 4 7 67 69 71 58 73 75 10 77 13 79 81 83 85 87 89 91 93 95 97 99 101 16 8 103 105 107 72 109 111 19 113 115 117 119 22 121 123 78 125 127 129 131 133 52 135 137 114 139 88 141 143 145 147 68 100 149 151 153 155 25 14 157 28 159 31 161 163 165 34 167 108 169 171 170 37 173 175 177 179 181 126 183 185 5 187 102 189 191 193 195 197 199 201 124 3 148 196 203 11 184 205 207 35 192 209 211 213 15 215 217 23 208 219 60 162 40 221 223 225 84 132 227 43 229 118 194 180 186 9 231 134 233 235 237 239 241 243 20 245 204 247 249 56 234 251 200 46 154 246 44 253 255 257 259 238 261 232 38 263 164 54 265 41 242 47 256 48 267 6 146 230 128 269 152 271 182 273 144 275 218 66 12 248 29 214 168 42 272 277 32 198 190 82 274 279 240 70 116 188 278 36 76 281 283 130 285 92 158 287 250 80 156 206 220 136 258 282 289 264 291 160 224 24 216 284 94 172 150 286 293 96 112 295 297 90 252 142 299 17 110 33 18 166 260 74 236 26 39 140 30 174 296 210 50 178 268 270 244 45 176 122 138 226 290 202 21 228 222 294 292 86 120 254 262 266 212 106 300 288 280 64 104 27 276 98 298
Case #51: No
Case #52: Yes
51 71 1 207 44 174 154 108 417 444 167 390 83 220 331 155 429 374 303 190 361 6 50 129 358 86 396 213 4 322 340 378 441 402 193 285 413 15 32 8 399 9 272 17 376 94 351 308 438 173 203 276 139 29 77 403 3 298 43 339 392 138 398 245 191 295 271 284 354 166 253 231 65 141 161 87 151 45 382 60 430 380 192 287 270 5 391 310 204 258 66 47 411 12 344 118 56 255 320 251 314 230 22 123 329 111 280 36 412 126 370 35 424 423 26 202 164 30 107 368 379 262 296 109 264 334 277 92 46 212 435 168 64 300 307 78 311 101 11 206 91 252 254 27 330 194 405 102 434 132 381 305 189 450 315 349 69 422 23 383 350 267 186 257 153 281 269 395 185 367 229 265 408 283 175 120 222 319 301 28 266 88 106 183 416 200 294 201 288 449 373 299 335 130 97 7 110 214 169 420 13 21 309 124 261 442 128 127 297 431 244 95 404 443 219 63 90
Case #53: Yes
200 3 389 479 21 224 138 383 26 456 328 56 125 70 376 78 5 247 289 143 7 151 288 183 308 31 9 373 96 16 385 30 400 22 34 489 206 38 47 51 465 58 60 345 449 59 351 155 381 139 416 62 72 80 340 370 66 82 63 343 77 192 84 264 173 237 41 86 2 284 484 19 303 374 88 75 156 292 90 458 49 349 167 98 111 212 109 92 196 102 467 95 40 341 427 471 214 477 195 104 42 431 193 457 414 211 106 262 114 494 226 160 234 89 324 229 140 116 127 124 37 129 429 463 346 29 39 61 172 476 137 67 239 131 83 222 182 85 93 260 168 325 133 105 495 8 492 144 382 309 148 25 225 298 43 205 153 220 54 68 45 412 74 293 126 28 50 191 352 33 422 99 52 136 242 100 181 311 1 115 338 279 73 207 238 113 350 339 14 313 491 300 332 388 87 112 450 10 23 390 35 119 147 486 417 79 64 219 146 233 157 204 285 103 101 15 162 459 163 354 175 421 371 134 295 130 118 142 270 230 269 278 406 145 176 91 164 132 11 44 4 472 128 150 122 496 121 152 71 12 154 375 169 244 190 158 451 426 423 161 248 177 466 401 218 117 6 107 108 165 387 32 53 261 46 331 81 369 359 123 372 170 17 462 493 178 201 149 232 327 490 48 405 135 344 478 430 57
Case #54: Yes
3 38 337 254 210 22 344 366 272 431 185 87 267 221 13 361 157 84 258 51 118 495 478 101 273 406 300 245 227 429 372 209 59 391 200 298 232 247 492 138 89 380 378 465 162 174 14 239 242 456 262 50 458 238 70 307 144 166 474 148 266 308 189 358 433 500 234 341 11 54 493 368 179 18 156 329 155 363 411 36 17 294 470 24 400 367 328 136 15 9 128 160 7 241 202 293 145 201 371 477 114 306 74 1 394 303 277 442 490 228 2 86 8 37 383 384 261 451 381 178 265 346 403 133 415 231 56 171 226 219 357 280 318 90 454 97 395 106 204 170 31 35 397 129 58 257 402 365 483 104 340 163 211 498 438 487 353 83 10 6 73 27 208 304 4 309 471 199 393 360 390 382 428 421 379 488 345 147 125 463 270 457 459 297 48 30 108 109 173 310 132 96 324 356 60 416 443 410 134 68 150 268 124 434 418 130 66 278 439 25 49 486 149 316 26 102 112 127 225 447 399 224 113 485 142 28 186 122 473 195 55 305 494 376 255 489 69 153 333 452 107 94 355 21 193 5 98 105 260 123 326 491 161 484 82 251 364 460 302 271 23 222 196 279 137 347 453 192 252 57 436 203 19 408 430 218 92 67 466 385 29 291 350 143 450 496 85 401 20 387 435 362 177 389 288 323 462
Case #55: No
Case #56: Yes
221 132 431 403 89 429 271 20 424 46 145 161 230 498 439 47 262 209 445 457 388 443 25 19 40 255 293 200 30 367 489 82 3 101 202 417 141 328 97 272 438 18 36 7 478 289 379 32 292 301 44 493 377 74 474 462 483 155 356 50 87 396 342 52 397 257 343 416 244 177 442 350 103 364 29 303 268 352 48 26 380 4 60 121 99 360 35 54 277 62 436 150 454 70 64 243 323 482 66 494 208 137 426 100 84 162 386 357 195 130 253 138 199 21 322 366 55 68 37 285 222 72 91 51 13 105 365 280 65 490 389 134 252 249 451 435 57 154 59 446 23 53 318 250 296 124 9 194 267 475 421 10 213 178 278 407 458 61 430 77 92 8 27 93 392 5 94 412 311 372 31 317 193 38 148 207 327 229 83 41 411 373 433 86 236 43 98 153 245 441 248 114 24 383 376 15 175 402 158 45 136 263 477 76 256 325 312 58 85 488 107 109 95 378 49 116 140 169 497 122 346 279 110 170 184 14 290 11 487 172 351 237 384 212 69 16 112 281 473 266 345 167 119 63 291 125 115 75 157 284 242 174 408 79 90 123 67 321 6 2 192 80 33 149 496 173 361 126 78 362 295 113 463 273 71 427 241 117 42 73 1 324 432 185 375 127 393
Case #57: Yes
81 273 221 45 383 158 384 258 220 299 298 159 356 272 274 246 157 202 357 216 262 355 245 46 244 365 201 363 377 80 215 382 143
Case #58: No
Case #59: Yes
1 2 10 9 20 21
Case #60: Yes
2 3 1 6 4 5
Case #61: No
Case #62: No
Case #63: Yes
7 2 9 10 16 19 21
Case #64: Yes
1 3 5 7 9 11 13 301 15 17 19 21 23 25 27 29 31 33 35 37 39 41 43 12 10 45 47 49 51 53 55 30 57 59 52 61 63 65 60 67 69 71 73 75 77 79 81 83 85 87 89 91 93 95 97 99 101 103 105 44 107 109 84 14 111 113 6 104 16 115 117 119 302 121 46 123 125 127 129 8 131 133 135 137 118 74 128 139 34 141 90 143 145 147 149 151 138 153 155 98 88 157 159 161 163 165 167 62 169 171 173 130 175 177 179 181 183 166 92 185 187 189 134 170 191 193 195 144 162 197 199 148 172 36 114 124 201 146 203 168 205 207 120 209 211 210 213 215 217 4 156 48 164 202 219 122 136 221 208 223 225 500 72 20 227 229 231 233 24 235 237 239 216 82 241 230 243 206 245 247 249 196 251 234 253 2 255 150 174 126 38 116 246 232 200 78 257 64 259 261 40 248 178 263 262 66 265 258 186 28 267 254 269 76 242 198 271 86 142 273 252 160 220 50 32 68 140 110 266 236 250 275 274 182 276 158 190 277 279 281 212 283 94 154 224 228 285 58 112 260 226 54 218 268 102 222 26 192 100 244 214 287 96 152 264 289 22 176 180 291 184 280 293 80 70 188 106 270 286 238 288 18 56 294 108 272 282 284 204 290 240 42 292 132 295 296 278 194 256
Case #65: Yes
417 114 132 10 273 356 255 1 171 47 259 5 28 126 443 46 163 459 15 32 64 17 8 6 197 63 139 280 31 458 116 22 397 41 370 24 425 451 348 299 26 225 422 33 335 354 83 496 473 54 431 213 495 30 35 402 437 481 265 9 183 37 42 34 44 36 40 438 48 7 241 195 447 173 61 97 49 315 452 65 56 258 460 202 204 383 244 3 67 131 436 88 125 358 19 309 199 151 82 416 21 194 471 110 344 366 287 23 254 69 91 86 71 76 25 360 382 405 231 484 11 84 92 187 39 104 99 328 304 217 424 205 90 376 190 266 75 369 77 96 50 396 148 423 413 234 93 101 85 188 162 283 149 384 106 433 210 224 262 203 144 108 2 60 472 38 212 441 359 112 222 122 74 494 133 16 404 218 14 482 398 352 58 308 121 72 223 95 314 128 70 349 330 119 150 103 134 393 380 140 449 488 179 329 214 476 209 52 62 379 346 145 305 274 130 264 256 59 207 432 198 152 487 353 147 320 45 13 365 232 118 454 43 286 189 282 215 216 123 351 154 486 109 412 184 68 355 318 115 448 281 53 18 153 143 307 117 107 477 178 102 111 206 461 399 343 394 347 105 439 141 51 113 406 261 333 98 120 78 235 66 230 155 4 27 378 136 362 80 137 12 146 79 81 100 361 440 300 138 446
Case #66: No
Case #67: Yes
4 5 6 7 8 9 10 11 12 13 14 15 16 17 18 19 20 21 22 23 24 25 26 27 28 29 30 31 32 33 34 35 36 37 38 39 40 41 42 43 44 45 46 47 48 49 50 51 52 53 54 55 56 57 58 59 60 61 62 63 64 65 66 67 68 69 70 71 72 73 74 75 76 77 78 79 80 81 82 83 84 85 86 87 88 89 90 91 92 93 94 95 96 97 98 99 100 101 102 103 104 105 106 107 108 109 110 111 112 113 114 115 116 117 118 119 120 121 122 123 124 125 126 127 128 129 130 131 132 133 134 135 136 137 138 139 140 141 142 143 144 145 146 147 148 149 150 151 152 153 154 155 156 157 158 159 160 161 162 163 164 165 166 167 168 169 170 171 172 173 174 175 176 177 178 179 180 181 182 183 184 185 186 187 188 189 190 191 192 193 194 195 196 197 198 199 200 201 202 203 204 205 206 207 208 209 210 211 212 213 214 215 216 217 218 219 220 221 222 223 224 225 226 227 228 229 230 231 232 233 234 235 236 237 238 239 240 241 242 243 244 245 246 247 248 249 250 251 252 253 254 255 256 257 258 259 260 261 262 263 264 265 266 267 268 269 270 271 272 273 274 275 276 277 278 279 280 281 282 283 284 285 286 287 288 289 290 291 292 293 294 295 296 297 298 299 1 2 3
Case #68: Yes
442 187 213 200 285 344 286 39 455 225 121 123 277 448 104 479 399 109 299 6 473 74 12 439 303 150 124 388 263 251 360 300 143 38 86 377 61 8 16 239 337 18 222 400 282 198 20 274 498 317 9 328 298 7 476 245 340 262 278 3 471 77 411 404 254 165 137 386 209 306 52 248 97 320 21 78 189 362 309 235 417 458 423 459 436 367 133 145 183 346 116 62 22 162 48 26 301 297 28 406 188 161 495 336 265 58 499 478 30 347 275 500 319 475 409 93 100 414 23 485 402 59 293 49 447 206 373 368 71 236 32 412 126 34 418 17 329 361 339 253 464 294 43 405 242 125 142 413 45 352 205 307 305 191 29 311 284 201 13 11 378 113 31 461 171 98 35 208 172 44 67 218 267 134 474 210 283 214 237 435 398 444 1 42 14 484 314 65 144 369 316 467 160 115 456 351 107 207 37 424 184 176 380 250 99 422 70 196 356 82 350 79 389 266 141 353 5 33 383 105 158 482 128 281 75 363 94 392 19 166 381 249 325 348 468 370 256 457 110 472 73 92 390 199 338 494 391 446 324 202 46 41 76 481 493 280 55 151 438 374 477 81 279 129 234 10 25 192 140 221 169 486 195 157 410 215 217 27 240 355 87 186 170 15 146 112 226 434 437 108 216 264 401 315 212 480 56 258 24 197
Case #69: No
Case #70: Yes
352 229 49 387 324 249 153 182 14 176 405 1 17 341 281 98 344 26 414 128 178 77 215 152 415 382 72 136 255 66 354 120 242 86 323 50 169 222 42 345 28 168 448 289 22 309 3 25 270 326 322 7 214 172 21 411 34 283 297 37 39 69 38 340 376 335 315 332 189 321 254 71 271 141 44 212 149 392 379 11 132 121 330 138 366 296 236 122 173 437 184 46 209 377 108 246 304 421 248 257 76 160 278 433 159 51 227 106 124 32 99 179 327 360 389 47 125 15 290 148 420 388 43 346 403 203 201 305 419 223 56 87 338 82 445 126 191 40 406 361 300 198 63 235 175 431 155 356 137 116 29 391 16 413 107 294 355 135 55 226 74 444 402 336 24 146 211 196 113 398 351 31 36 374 417 435 386 183 259 216 383 262 123 156 18 73 302 353 233 30 301 111 426 384 70 54 64 393 166 92 373 394 314 210 117 57 9 404 5 221 250 62 97 230 93 310 245 27 234 397 334 100 284 280 130 200 142 119 75 380 45 401 13 369 94 188 224 241 60 432 347 269 81 418 90 2 370 67 447 19 399 85 225 329 12 368 129 6 180 287 232 436 10 127 357 20 79 91 52 95 171 244 202 89 277 358 288 385 371 167 261 286 367 114 328 185 147 84 337 331 186 133 381 192 320 425 339 58
Case #71: Yes
409 16 306 101 191 194 245 279 8 355 388 1 208 29 200 253 23 387 176 365 217 34 224 42 27 100 220 339 315 313 357 316 86 179 326 398 119 177 57 416 262 239 403 49 291 30 256 379 112 418 79 61 166 72 134 83 21 41 394 190 213 10 11 170 15 267 19 363 144 246 374 419 162 4 67 95 304 69 24 397 99 354 26 78 3 185 129 292 369 60 92 39 12 362 138 104 323 141 366 44 38 58 146 273 88 63 126 6 299 219 240 96 128 214 382 261 82 406 235 105 66 318 276 168 301 376 80 32 111 171 250 205 302 14 283 284 157 216 420 377 75 167 303 156 137 286 52 411 106 206 62 275 51 351 47 54 281 55 28 115 236 20 209 33 43 97 87 364 143 405 310 305 135 234 9 165 390 259 314 145 252 330 37 298 404 243 309 76 328 226 173 17 35 319 109 349 31 89 149 64 215 151 127 73 118 110 278 91 193 408 424 117 350 201 163 53 94 65 84 264 280 184 294 237 417 68 74 346 40 345 186 249 378 18 212 120 293 296 150 233 383 341 172 312 325 50 412 334 192 45 5 48 161 187 81 180 142 367 98 152 107 370 36 102 340 71 248 22 242 422 247 290 361 238 360 358 402 352 155 423 46 274 311 103 263 174 317 308 204 257 90 410 385 2 266 391
Case #72: Yes
365 257 383 377 3 334 97 293 246 206 32 391 70 196 250 401 113 436 211 66 288 463 35 381 397 262 77 303 490 333 405 119 464 60 99 282 433 111 472 478 86 480 423 469 266 84 44 421 263 76 186 17 110 430 175 479 178 290 417 154 443 323 434 256 318 87 171 450 455 83 404 265 219 105 373 418 356 74 378 419 215 190 153 294 357 5 224 387 271 414 214 248 395 164 2 79 93 191 492 287 346 52 281 197 189 174 118 374 415 115 402 325 12 268 313 272 316 227 221 57 460 106 366 7 354 407 53 355 458 413 416 368 47 142 360 376 37 36 385 112 408 394 420 23 116 69 208 487 454 225 379 390 370 331 128 136 457 149 424 205 398 159 367 337 283 462 33 92 9 182 467 322 82 192 343 49 486 389 280 328 216 90 342 218 279 231 359 94 388 358 489 371 16 59 426 422 48 295 141 300 132 352 6 95 220 242 477 317 476 312 232 311 439 46 438 114 494 20 148 42 143 425 437 273 213 104 75 497 309 350 64 446 58 473 129 193 96 396 329 156 147 8 14 289 255 4 21 384 488 399 491 432 259 135 203 260 131 274 296 481 445 80 61 163 456 410 475 62 38 172 411 278 1 429 188 441 144 243 362 258 314 78 326 496 319 89 43 19 338 13 207 103 173 241 444 249 140 179 226 187
Case #73: Yes
1 4 7 10 13 16 19 22 25 28 31 34 37 40 43 46 49 52 55 58 61 64 67 70 14 73 76 79 82 85 56 88 91 44 94 97 100 103 104 41 83 106 109 112 115 15 118 121 124 127 77 130 133 101 136 139 142 145 148 151 154 157 160 163 68 166 137 116 169 35 105 172 175 29 140 17 178 78 30 181 184 187 190 193 196 170 45 107 199 176 128 202 53 205 119 92 62 208 211 214 217 220 5 188 80 223 226 50 23 229 65 20 232 197 235 32 24 21 233 108 238 209 189 138 36 241 81 182 244 247 250 177 253 122 256 248 198 164 11 59 218 38 125 113 259 262 265 268 95 71 257 134 146 47 271 123 89 141 63 224 155 194 6 195 274 114 200 60 277 210 245 219 98 66 26 275 48 143 167 110 280 236 206 276 283 242 27 102 254 263 161 281 272 117 120 203 173 42 221 264 239 90 243 158 204 222 185 286 149 260 152 201 18 237 111 144 225 261 156 240 266 251 230 96 227 289 215 231 292 269 212 131 99 171 183 295 270 51 159 162 278 168 33 246 213 293 191 252 179 150 296 153 249 93 39 298 287 12 284 228 129 147 135 258 299 267 290 282 291 186 72 8 165 86 84 74 207 297 288 192 255 2 273 57 234 279 300 216 180 54 126 9 174 285 75 294 132 3 69 87
Case #74: No
Case #75: No
Case #76: Yes
460 481 233 322 325 472 9 26 27 10 489 217 154 46 459 98 20 15 409 109 500 317 456 315 374 238 193 265 155 19 464 338 22 394 160 370 280 28 218 30 222 208 396 122 230 326 79 213 21 479 245 312 29 32 259 438 112 36 367 14 37 386 41 272 128 242 44 48 50 275 143 278 307 305 54 292 466 189 175 334 58 6 60 445 379 35 53 66 45 51 239 388 410 269 435 165 436 68 417 450 67 264 482 252 150 96 393 70 5 47 80 101 129 430 291 486 313 4 76 404 33 7 59 369 38 257 429 55 399 81 474 169 244 426 83 99 371 88 266 111 427 61 90 121 49 52 214 56 448 159 392 372 380 97 137 335 416 92 418 478 24 72 25 84 62 256 176 357 253 206 64 17 387 444 480 356 391 69 151 295 437 454 42 130 231 74 184 499 273 276 433 401 323 13 73 103 441 105 434 333 82 210 8 395 241 319 443 384 120 194 136 142 94 188 318 453 2 168 195 447 183 419 279 400 458 107 173 199 408 402 243 297 23 483 87 308 192 16 170 366 104 304 373 102 135 114 131 93 12 270 108 440 389 260 406 368 385 471 339 205 86 75 449 473 467 31 465 91 1 201 115 172 405 40 71 89 116 223 43 277 65 63 95 57 77 106 446
Case #77: Yes
498 499 500 501 502
Case #78: Yes
103 191 384 288 311 13 272 17 364 19 69 195 358 428 276 83 238 165 483 250 398 443 8 116 437 28 349 343 271 11 471 22 188 323 310 38 117 86 92 96 478 80 32 409 445 23 104 7 122 351 42 263 258 314 449 424 334 337 289 179 369 51 411 361 241 87 217 486 82 291 112 95 438 365 450 335 47 220 176 251 257 71 286 58 72 33 267 253 200 281 434 12 477 353 393 20 62 468 182 9 342 27 25 280 52 49 140 433 264 41 154 500 56 53 402 460 149 64 488 155 156 66 370 115 329 59 461 432 282 39 76 496 307 26 463 24 81 180 132 93 259 185 261 275 451 43 150 79 127 171 375 417 65 175 202 489 338 317 61 30 118 322 54 44 431 474 137 467 158 164 309 237 256 354 194 207 239 233 97 177 308 480 240 50 423 208 187 181 55 390 186 6 462 385 473 102 1 109 84 426 397 347 21 31 36 98 312 100 190 295 464 266 94 302 301 359 48 5 101 16 196 57 74 444 2 119 265 201 46 108 120 35 40 294 18 113 105 91 89 340 85 466 418 442 278 218 151 374 75 262 78 316 234 229 346 283 148 111 341 67 107 3 254 368 77 328 121 138 386 29 350 228 336 416 99 37 472 440 166 141 172 126 167 290 469 441 125 10 401 419 221 285 14 60 114 63 422
Case #79: Yes
48 307 416 458 461 133 62 277 282 122 365 356 398 111 150 496 381 47 147 112 226 261 38 1 9 15 33 393 353 118 155 392 216 342 19 21 271 408 26 399 384 472 304 407 498 222 134 10 139 28 30 172 40 104 253 418 27 42 478 78 49 269 50 429 336 341 401 427 321 450 420 311 45 144 44 453 97 323 54 165 115 84 179 13 92 61 242 449 35 354 56 457 75 432 20 383 58 454 290 114 63 102 170 41 65 291 2 397 57 435 67 236 414 428 331 71 318 76 81 87 400 305 214 456 52 77 446 287 249 31 89 330 357 306 366 351 94 469 262 486 241 100 107 34 415 178 167 430 272 109 409 460 358 120 359 22 423 101 125 105 360 488 25 127 184 126 14 339 80 121 6 146 135 53 350 447 113 137 263 7 455 235 46 451 43 3 108 11 131 227 95 463 270 483 119 464 138 209 55 375 424 82 141 90 136 86 151 283 295 66 59 164 68 116 482 98 88 355 276 5 252 301 288 128 329 266 248 419 312 391 326 294 168 106 8 156 18 171 338 327 324 24 361 70 325 39 267 74 210 60 470 231 436 124 376 439 185 36 145 223 158 154 72 340 152 462 382 140 149 64 85 310 264 16 303 159 157 142 99 110 17 160 29 161 202 130 237 437 232 275 225 480 309 234 334 96 390 69 201 93
Case #80: Yes
151 69 6 22 259 169 201 24 269 127 120 227 163 360 456 221 88 157 346 97 18 217 26 147 20 28 33 83 255 248 403 485 30 60 370 21 366 426 397 113 68 47 3 70 112 487 249 96 133 411 35 317 10 78 461 27 41 197 43 326 398 219 262 386 337 71 260 8 58 45 104 49 52 331 106 206 415 358 145 350 429 252 224 388 189 7 451 312 51 436 193 16 395 492 156 77 13 483 242 73 50 449 225 251 108 467 55 170 444 469 220 422 2 109 289 379 280 428 284 139 62 64 105 48 234 479 192 65 294 250 125 267 223 4 146 384 378 138 464 92 66 155 128 75 199 42 226 181 307 372 282 167 491 131 427 439 387 164 435 407 216 273 57 140 34 321 61 100 1 188 268 393 392 56 39 437 270 475 14 357 137 373 283 79 367 134 374 330 191 119 336 44 349 11 423 102 98 313 470 361 89 290 275 149 174 476 121 152 382 85 207 184 369 412 54 416 195 129 87 406 472 179 401 462 93 37 40 341 90 166 383 292 23 285 430 258 5 347 246 344 446 408 94 76 296 266 362 25 118 130 177 342 274 59 12 473 306 459 82 316 15 31 333 46 74 150 72 63 458 53 455 394 375 38 343 243 215 256 245 9 180 80 265 29 371 122 238 154 198 84 205 332 247 36 441 480 402 200
Case #81: Yes
273 104 267 110 461 404 259 148 264 313 25 18 285 191 496 222 414 167 192 277 415 106 315 1 182 186 405 88 236 178 45 430 275 328 114 390 262 274 8 309 177 384 24 195 439 373 16 34 441 434 156 126 453 89 260 140 181 193 124 271 171 426 307 20 219 427 11 22 9 362 157 5 282 100 23 194 29 269 52 339 429 468 184 409 483 87 442 144 348 369 70 209 478 47 68 163 129 123 375 454 499 250 44 4 452 119 154 98 74 254 326 210 162 83 353 494 283 402 491 212 216 21 347 93 102 420 363 150 446 225 111 360 319 284 490 208 340 176 455 386 435 49 168 304 69 142 397 172 92 240 311 433 159 344 53 12 324 165 301 247 410 71 39 72 15 361 183 198 218 449 458 479 76 335 371 141 26 65 13 261 412 459 333 90 78 61 305 17 217 175 105 79 422 332 251 161 164 30 130 48 190 51 35 387 295 28 46 37 252 370 359 492 85 196 3 101 14 484 77 214 322 63 94 2 270 408 220 460 54 136 6 470 31 81 308 495 153 493 316 489 41 223 120 342 224 296 135 50 200 213 243 82 237 187 170 158 239 7 32 395 95 385 318 300 185 75 424 248 440 125 57 67 411 62 464 389 266 59 55 312 374 19 480 42 253 189 403 241 60 445 221 169 463 38 286 211 425 401 354 334
Case #82: No
Case #83: No
Case #84: Yes
456 53 168 217 197 390 36 1 273 115 392 117 288 308 2 332 379 483 496 351 130 400 178 248 375 295 87 444 411 233 122 133 68 286 12 394 69 192 297 224 95 294 210 82 7 167 188 108 124 270 149 97 70 221 58 9 141 80 230 269 363 445 152 59 368 486 162 327 261 13 341 447 423 401 22 33 114 23 283 100 366 47 199 255 156 208 37 442 15 500 324 18 389 31 38 28 146 499 27 49 330 321 182 209 450 386 158 172 371 355 487 410 147 278 123 307 441 260 90 319 424 373 67 169 488 40 432 103 138 39 256 474 20 431 391 48 305 461 125 104 166 175 200 358 249 446 81 193 73 140 204 328 309 335 383 161 484 214 56 380 77 348 96 364 112 336 385 30 458 237 338 107 42 257 14 50 289 137 352 435 354 52 148 128 479 189 495 485 218 427 79 325 41 191 369 25 322 43 78 229 21 350 211 3 54 451 326 482 472 170 258 346 306 134 240 186 94 436 497 471 302 426 92 225 452 334 301 16 235 11 254 116 126 76 241 357 212 422 113 109 331 453 150 5 203 8 251 74 57 10 201 388 234 151 183 207 45 4 51 6 377 395 285 174 99 378 398 34 131 184 157 430 382 238 298 387 86 244 478 250 477 443 143 119 475 337 253 323 284 339 139 220 460 277 223 281 173 19 144 374
Case #85: Yes
208 42 206 262 46 300 75 235 56 111 142 79 358 97 327 301 346 203 106 114 355 138 237 170 309 115 256 202 388 156 141 258 227 196 110 190 24 108 291 274 118 178 350 371 64 51 120 154 147 1 343 36 161 352 332 122 394 176 68 250 259 192 20 99 229 8 33 5 9 182 93 297 317 205 357 107 6 94 22 364 49 318 280 130 267 243 139 400 144 330 197 135 252 2 162 88 91 331 199 245 278 266 213 29 67 128 62 123 222 316 313 52 186 209 55 347 340 363 159 23 276 328 387 70 210 228 265 311 216 103 253 294 240 10 167 396 177 44 270 146 50 179 290 271 48 374 82 45 102 175 59 198 285 126 13 40 273 195 356 152 11 74 284 18 76 293 15 71 217 298 80 310 344 174 109 131 389 226 246 87 283 3 28 370 148 247 314 322 223 26 63 339 257 398 360 69 218 395 242 308 362 201 54 86 324 303 307 191 184 194 269 124 104 129 348 295 302 66 230 133 286 326 84 376 92 166 244 354 172 150 30 98 134 287 140 292 155 96 119 221 366 171 372 381 306 383 368 312 34 391 214 367 39 127 53 238 254 211 151 236 185 43 160 163 277 113 25 282 264 338 187 323 375 386 251 183 231 90 379 390 342 58 47 31 168 263 380 78 382 14 378 60 219 158 83 399 234 349 17 38
Case #86: Yes
221 48 265 494 122 257 314 380 94 66 306 191 10 488 16 45 9 475 325 413 381 329 8 190 271 18 204 240 374 391 25 223 182 34 263 338 303 38 26 21 40 97 42 358 248 411 491 35 11 236 103 49 305 183 277 226 432 300 396 232 55 87 339 326 241 95 385 247 312 471 220 420 184 332 59 333 244 492 483 437 293 166 39 140 63 139 403 328 167 150 478 215 254 46 228 383 468 69 53 227 65 187 71 406 160 289 379 393 395 123 243 84 266 107 72 50 230 214 29 373 225 394 37 73 337 431 470 331 61 428 307 54 361 24 283 286 178 28 19 253 489 357 402 93 294 127 57 382 285 134 143 235 366 60 91 142 1 284 78 362 302 36 407 290 463 162 2 99 427 429 6 5 275 74 17 125 163 100 58 377 392 120 231 469 159 355 13 33 459 89 500 476 256 260 51 301 121 164 3 222 64 133 101 458 186 259 384 272 15 76 438 308 98 462 440 447 169 425 68 212 32 177 365 282 448 359 297 41 151 419 30 75 246 486 70 135 408 410 180 208 446 109 364 88 485 203 354 281 375 449 335 412 498 20 280 56 477 262 110 229 173 174 79 330 124 85 111 433 77 52 181 62 154 128 161 372 155 102 482 441 158 496 83 149 219 105 23 495 67 47 493 81 168 43 86 126 340
Case #87: No
Case #88: Yes
91 386 90 385 202 1 208 139 111 38 2 387 110 92 140 24 34 35 214 23
Case #89: Yes
433 51 73 215 413 102 5 302 338 197 9 13 20 268 134 145 70 432 372 42 257 108 52 45 357 431 186 319 57 59 61 164 242 303 53 285 153 87 63 312 292 83 400 239 270 391 395 170 160 112 21 171 85 218 92 356 442 35 425 94 47 309 98 180 77 36 109 34 126 12 428 436 40 334 360 196 117 122 128 18 23 19 314 405 137 439 250 123 159 93 388 162 396 46 418 384 50 279 342 208 261 24 332 139 333 154 419 271 185 25 141 142 301 440 114 306 143 366 349 221 147 104 27 149 81 150 15 78 447 441 100 107 110 307 158 48 258 350 315 148 236 82 130 97 88 124 151 193 172 69 68 364 155 91 412 399 446 146 203 62 4 129 260 220 31 294 240 39 424 337 251 28 248 368 6 99 125 392 347 26 343 414 166 328 165 120 133 445 173 367 371 235 293 116 168 192 72 14 291 135 66 230 11 16 234 245 60 331 438 377 267 305 352 144 361 90 348 353 119 323 96 43 174 76 86 404 310 113 387 176 136 217 380 237 127 167 383 308 79 64 246 178 161 17 229 311 140 3 182 209 175 37 84 29 417 89 58 183 132 177 363 55 95 169 378 184 341 444 115 41 320 216 181 105 103 8 156 284 10 32 290 278 163 1 322 75 138 329 179 365 152 56 330 344 7 22 430 204
Case #90: No
Case #91: Yes
1 2 7 6 8
Case #92: Yes
51 1 188 129 53 31 187 67 89 15 214 90 17 181 8 92 178 62 39 184 88 204 22 140 126 199 52 118 25 49 127 218 30 108 57 14 7 206 20 84 170 50 160 68 207 102 106 185 33 130 161 34 179 21 93 71 200 74 2 203 38 54 142 123 211 213 169 83
Case #93: Yes
478 407 178 271 168 480 5 330 90 96 141 499 19 88 45 150 462 449 56 44 411 12 365 302 20 417 179 198 351 490 400 412 99 426 48 270 360 34 327 25 376 296 27 315 8 249 83 337 236 309 38 460 24 46 342 353 399 257 39 362 145 1 47 42 189 143 28 324 89 282 453 226 356 372 49 328 394 112 32 382 142 386 297 119 23 484 121 255 305 133 495 184 427 118 391 238 93 392 66 307 228 113 193 341 414 14 13 204 493 373 281 158 153 344 425 323 295 447 288 126 18 357 475 349 10 159 264 212 378 338 459 206 37 293 50 292 359 419 273 53 424 354 383 258 43 77 81 76 479 65 30 95 285 195 367 191 26 408 199 497 71 180 161 237 416 61 377 369 260 58 395 163 15 2 494 347 52 94 124 156 242 92 6 319 486 439 352 17 256 420 86 217 436 104 275 101 132 485 3 55 413 154 60 325 140 333 149 361 224 406 98 225 487 239 320 63 151 194 464 68 432 491 230 402 197 7 371 188 35 336 62 127 496 458 326 148 474 31 401 387 51 11 291 303 102 123 312 246 227 350 233 446 80 231 40 78 213 183 218 157 384 304 214 41 430 461 69 21 489 100 345 322 243 234 339 454 405 366 219 429 59 67 267 144 286 492 398 70 313 4 54 375 160 346 247 57 16 196 64 298
Case #94: Yes
1 2 3 4 5
Case #95: No
Case #96: Yes
4 75 62 5 41 55 339 185 183 268 10 199 77 271 136 69 225 1 25 30 213 56 350 131 32 258 281 205 187 42 13 165 276 181 115 44 53 57 107 158 2 316 133 287 284 20 48 197 224 50 33 18 275 218 326 85 188 182 317 162 200 22 35 337 63 99 38 101 138 103 84 127 237 64 105 233 117 228 61 60 119 89 37 291 124 145 109 128 141 143 88 164 288 259 12 90 151 110 174 283 193 278 234 178 58 98 17 168 45 170 208 172 49 118 229 272 303 116 244 26 152 173 201 120 209 203 210 134 245 220 11 190 46 321 153 96 222 261 102 9 167 43 269 198 83 132 169 309 65 192 186 264 81 204 34 142 21 231 97 79 249 149 251 302 93 253 335 68 227 214 255 238 242 221 148 6 262 273 123 47 112 39 180 150 292 256 113 254 195 236 325 191 334 327 80 290 129 154 252 232 304 76 184 207 266 104 294 36 100 257 29 202 19 241 308 267 159 239 95 300 295 175 219 40 135 146 296 156 320 328 91 282 139 230 126 305 265 297 340 289 67 16 279 338 189 140 263 87 7 72 177 94 160 336 293 137 166 108 260 306 3 299 31 24 155 250 74 211 28 147 171 223 78 73 163 341 23 274 52 235 86 301 349 144 51 106 179 343 333 125 15 247 8 122 196 216 70 324 248 285
Case #97: No
Case #98: Yes
42 60 231 472 115 425 485 82 217 180 94 167 395 282 192 3 140 389 24 333 49 227 443 152 145 72 35 122 278 252 250 257 359 324 317 12 186 462 158 420 430 371 409 80 299 210 360 381 283 52 23 460 316 71 17 310 133 287 289 271 350 440 483 201 87 263 138 56 418 325 91 339 98 411 84 191 108 388 103 47 338 68 131 194 376 494 4 416 259 375 182 235 367 427 154 432 101 301 7 423 208 30 458 468 28 187 378 107 273 478 168 332 100 51 264 345 224 467 185 337 212 10 280 334 161 266 383 355 297 238 488 245 8 397 41 357 14 439 220 213 229 137 471 40 390 497 73 173 171 96 255 222 455 248 413 130 31 290 66 63 117 236 329 276 486 150 446 46 369 479 200 5 166 126 470 241 294 119 394 354 469 270 441 170 206 429 19 453 444 179 124 159 106 89 240 203 9 2 61 142 21 451 358 495 346 6 385 143 70 1 318 311 315
Case #99: Yes
19 234 48 312 309 275 329 335 3 357 265 276 419 334 50 310 175 356 336 491 325 12 5 21 196 244 300 339 484 54 248 350 23 178 243 32 278 47 415 183 156 311 162 33 220 194 296 424 44 411 101 418 215 2 237 223 479 70 467 245 338 14 36 473 71 416 145 39 361 66 112 64 279 189 442 238 251 363 13 139 74 476 174 324 288 218 116 448 214 284 382 207 20 179 494 199 35 254 277 242 60 319 155 25 399 320 423 261 30 38 326 22 368 372 201 16 142 386 432 127 289 330 40 118 138 351 94 123 385 219 264 117 132 303 187 360 1 226 208 283 136 31 51 213 192 362 8 216 9 63 390 76 95 322 315 17 364 24 180 143 28 173 407 421 472 478 403 318 379 232 164 393 344 333 113 466 69 371 425 266 45 200 159 93 281 72 495 376 272 480 299 128 291 323 172 177 440 193 15 231 168 96 11 195 170 240 55 490 331 451 133 295 27 406 161 271 224 348 58 453 321 26 41 6 239 437 365 10 205 317 434 56 298 367 487 100 256 202 67 42 171 270 255 285 341 131 489 420 375 29 169 4 191 43 447 485 57 374 439 430 186 59 308 391 52 260 457 314 327 481 204 345 182 121 227 429 438 294 400 280 377 355 197 158 366 230 185 137 119 340 233 414 471 247 290 452
Case #100: Yes
340 367 405 446 106 109 222 300 256 238 96 43 257 276 444 339 34 134 443 469 45 80 387 204 168 46 81 223 237 158 454 133 205 468 445 103 362 8 236 275 295
Case #101: No
Case #102: Yes
3 7 186 286 21 24 276 26 270 180 275 288 473 28 480 414 191 299 458 250 128 404 30 10 265 318 35 252 22 243 50 259 37 8 397 386 39 27 126 88 401 41 46 169 42 435 495 336 467 43 9 166 47 451 221 73 68 385 143 302 52 54 67 301 149 15 2 413 325 406 213 411 334 90 56 66 379 396 34 279 31 219 298 53 231 5 402 440 38 328 58 60 428 340 297 93 101 112 314 317 117 353 16 229 62 237 55 230 481 71 410 393 280 438 429 251 357 19 29 74 17 144 258 346 76 150 162 380 175 118 316 352 205 291 132 57 273 456 123 313 225 424 173 212 244 63 131 201 376 472 281 496 72 262 80 33 82 83 358 95 253 271 425 97 339 416 460 61 294 40 248 238 455 127 161 189 81 300 305 498 439 203 242 405 163 448 6 99 335 108 116 172 98 104 139 282 324 399 14 363 109 113 364 20 48 103 264 91 211 85 449 303 351 347 394 36 119 433 44 75 247 266 277 70 462 96 171 378 185 220 287 110 226 4 195 459 106 228 129 382 107 323 206 178 468 327 59 403 415 32 499 111 122 100 333 114 86 489 488 447 134 94 295 105 51 434 436 65 165 77 217 138 164 207 133 12 79 120 306 176 45 78 452 398 192 89 23 148 25 457 365 151 18 202 261
Case #103: Yes
7 377 176 179 486 282 14 104 329 25 396 281 32 57 461 366 8 315 211 297 199 472 309 77 39 82 357 349 414 283 439 440 225 395 43 247 45 228 1 125 208 426 334 389 239 135 378 287 44 457 328 302 16 47 49 55 327 19 487 473 425 53 301 59 36 129 106 65 67 133 110 172 427 207 75 30 382 267 41 70 194 88 352 54 4 406 12 73 325 175 46 79 381 408 229 84 456 109 448 20 210 63 94 132 398 186 90 169 58 105 373 361 412 372 17 95 436 304 61 355 353 107 365 342 424 130 140 118 26 97 431 23 80 423 310 451 374 430 124 358 188 113 399 206 479 193 99 215 101 146 410 450 139 51 205 311 257 405 68 85 429 102 111 115 168 87 119 444 240 98 295 422 6 216 38 22 483 62 120 122 369 165 363 384 71 159 272 92 320 40 233 69 126 195 136 141 2 312 232 437 390 9 91 128 112 224 93 264 265 15 60 3 198 56 160 485 286 322 347 316 145 299 5 314 262 356 64 438 21 478 191 100 471 48 83 166 147 28 96 411 114 123 148 317 42 246 274 275 256 333 50 149 121 74 449 151 153 273 244 78 476 368 305 346 89 404 137 66 345 34 415 144 52 255 178 76 117 131 171 142 154 24 409 326 407 341 18 243 443 296 261 116 293 187 271 150 245 463 11 152
Case #104: No
Case #105: Yes
7 8 9 10 6 2 3 4 5 11 12 13
