Case #1: Yes
493 2 5 422 208 372 7 172 258 46 10 133 321 12 298 342 20 499 410 360 481 254 416 21 141 80 282 419 3 26 173 411 30 11 55 399 429 490 362 369 465 211 317 36 331 39 432 40 41 351 364 16 130 96 56 347 264 322 43 461 126 50 48 25 52 265 160 57 121 262 68 59 462 61 442 94 49 66 357 391 252 67 69 275 381 70 380 417 288 102 58 71 63 293 232 73 35 355 76 75 78 14 33 401 112 237 312 145 220 87 329 261 89 472 233 93 15 100 95 383 438 171 8 421 27 119 98 129 18 138 144 37 306 54 485 302 463 111 151 128 74 24 72 286 146 47 104 374 215 60 255 161 289 53 107 482 375 299 6 176 450 353 294 110 356 354 323 315 270 82 197 217 350 117 358 86 118 413 109 303 99 249 166 164 251 19 85 9 313 77 379 83 51 17 92 120 22 272 174 31 333 335 134 150 487 106 154 227 90 231 449 278 125 157 455 479 170 337 131 122 4 236 42 447 287 88 62 135 79 452 263 346 378 219 84 273 436 464 300 393 319 235 267 114 38 105 395 467 124 113 140 1 115 185 136 386 103 437 123 108 460 242 64 137 142 65 132 139 222 97 29 34 371 91 13 352 285 325 244 147 495 260 23 276 101 440 127 32 448 28 229 334 44 81 116 328 45 382 214 365
Case #2: Yes
1 2 500 3 4
Case #3: Yes
192 3 5 6 121 321 8 131 13 97 18 299 27 51 362 196 29 31 58 36 11 38 154 175 361 172 330 50 100 28 261 224 256 41 266 185 269 73 103 168 123 309 48 181 52 53 57 178 98 32 195 377 46 17 62 356 61 348 267 64 369 10 65 67 69 71 26 21 159 72 149 2 78 308 340 249 217 76 302 74 56 297 40 151 25 112 33 331 105 296 35 143 314 106 265 277 80 47 124 339 210 116 250 120 234 367 63 368 12 189 381 161 351 83 68 208 201 260 335 396 93 44 16 9 88 89 81 275 226 66 34 153 135 324 174 179 87 355 284 22 209 244 236 92 79 96 14 371 82 39 290 104 54 156 363 365 60 30 43 23 391 231 358 19 70 360 55 225 304 59 91 194 20 95 45 7 99 216 125 1 281 207 37 86 350 85 49 394 77 118 349 145 84 376 15 184 127 101 94 136 370 90 177 75 102 42 213 171 186 24 190 115 4
Case #4: Yes
1 3 44 344 126 6 7 4 8 245 10 395 205 69 167 9 83 36 355 2 365 11 18 5
Case #5: Yes
108 100 152 83 1 351 7 11 338 10 329 191 270 15 157 306 250 245 151 214 63 193 17 66 22 271 256 350 27 206 300 26 36 342 195 9 134 231 45 4 288 99 264 335 164 48 266 345 53 57 73 207 3 348 78 324 61 107 62 31 14 210 5 65 74 82 307 162 87 145 76 89 92 72 259 218 39 98 109 227 33 102 113 258 44 319 156 125 184 2 298 128 121 51 190 68 213 131 56 93 91 133 179 239 64 284 135 320 242 136 137 126 142 205 90 305 18 148 147 130 146 71 141 122 159 178 327 289 165 123 226 176 167 217 321 124 35 129 188 317 168 197 240 144 138 120 172 163 177 94 228 290 79 88 173 347 114 132 97 155 187 181 153 352 314 84 25 110 106 180 200 254 117 175 208 21 185 326 223 269 6 95 85 215 265 339 86 296 249 171 103 24 140 312 29 238 283 116 143 186 118 244 101 299 196 105 20 349 211 49 333 169 127 13 243 194 32 174 331 104 166 343 261 38 34 234 199 16 67 55 198 96 160 75 50 158 54 189 251 201 294 119 309 241 23 70 182 170 59 212 58 216 69 219 60 220 41 311 30 161 341 12 28 40 262 42 149 246 255 221 52 115 235 209 297 77 43 8 268 183 80 81 192 47 204 150 139 37 19 203 267 154 112 46 202 315 111
Case #6: Yes
1 2 3
Case #7: Yes
2 1 4 3 5 9 6 10
Case #8: Yes
209 341 14 162 154 419 6 123 157 78 28 255 217 367 381 268 216 200 26 313 11 316 95 202 423 22 405 428 310 58 17 289 286 50 459 175 374 323 321 27 47 449 425 237 156 139 347 291 276 18 16 90 171 187 79 188 39 77 41 232 127 122 351 44 38 412 386 273 222 51 372 329 436 129 368 182 413 21 206 272 214 35 172 197 362 179 57 82 444 292 30 349 1 166 360 295 312 387 183 61 5 87 260 73 234 269 384 457 8 104 199 43 20 63 305 284 332 432 344 371 346 244 410 52 253 350 67 263 365 246 70 9 71 426 330 108 418 406 132 185 74 76 81 328 397 249 84 251 106 380 296 66 383 37 29 55 221 417 85 92 49 40 120 159 10 304 111 32 163 19 124 126 34 161 382 68 24 101 235 3 143 48 93 258 450 430 186 401 228 324 99 112 150 42 376 107 353 23 370 109 320 88 285 69 140 402 373 94 420 144 80 115 116 7 355 83 325 364 443 282 462 65 361 13 134 148 110 114 205 36 113 311 4 224 201 437 184 240 103 118 72 96 64 25 60 53 207 102 31 357 62 33 247 119 252 46 54 137 167 117 75 245 100 146 196 105 59 86 138 56 97 45 275 440 352 219 336 98 91 15 211 2 463 278 152 395 121 267 128 12 89 326 223 359 264 218
Case #9: Yes
2 3 1 6 4 5
Case #10: Yes
1 2 3 4 5 6 7 8 9 10 11 12 13 14 15 16 17 18 19 20 21 22 23 24 25 26 27 28 29 30 31 32 33 34 35 36 37 38 39 40 41 42 43 44 45 46 47 48 49 50 51 52 53 54 55 56 57 58 59 60 61 62 63 64 65 66 67 68 69 70 71 72 73 74 75 76 77 78 79 80 81 82 83 84 85 86 87 88 89 90 91 92 93 94 95 96 97 98 99 100 101 102 103 104 105 106 107 108 109 110 111 112 113 114 115 116 117 118 119 120 121 122 123 124 125 126 127 128 129 130 131 132 133 134 135 136 137 138 139 140 141 142 143 144 145 146 147 148 149 150 151 152 153 154 155 156 157 158 159 160 161 162 163 164 165 166 167 168 169 170 171 172 173 174 175 176 177 178 179 180 181 182 183 184 185 186 187 188 189 190 191 192 193 194 195 196 197 198 199 200 201 202 203 204 205 206 207 208 209 210 211 212 213 214 215 216 217 218 219 220 221 222 223 224 225 226 227 228 229 230 231 232 233 234 235 236 237 238 239 240 241 242 243 244 245 246 247 248 249 250 251 252 253 254 255 256 257 258 259 260 261 262 263 264 265 266 267 268 269 270 271 272 273 274 275 276 277 278 279 280 281 282 283 284 285 286 287 288 289 290 291 292 293 294 295 296 297 298 299 300
Case #11: Yes
1 3 209 125 8 257 10 11 250 489 204 16 20 23 19 26 150 413 4 80 30 32 411 167 117 153 409 33 281 453 233 7 38 40 18 210 320 24 42 31 287 178 387 27 402 75 472 138 357 438 15 47 293 9 90 17 380 471 268 48 50 254 49 28 104 301 45 2 443 52 29 366 37 316 53 39 54 46 6 245 51 56 44 41 57 455 452 435 43 272 25 59 142 467 267 312 60 58 14 55 379 34 155 35 13 246 21 421 87 319 22 36 61 224 62 158 494 5 12 73 181 98
Case #12: Yes
364 268 459 399 259 5 252 461 31 15 19 20 133 17 103 262 163 26 118 311 353 356 460 201 350 33 416 284 456 154 34 218 2 36 42 401 6 49 53 55 56 445 45 24 345 57 58 7 61 108 62 455 114 255 63 427 64 180 44 306 488 196 81 394 21 43 338 372 138 480 408 18 277 497 212 86 386 193 166 223 246 3 409 463 85 87 88 90 141 22 93 94 318 97 323 59 326 158 178 82 197 369 271 91 124 107 111 112 11 358 72 101 169 440 139 54 74 411 39 402 327 32 12 210 122 125 119 14 27 382 239 69 123 8 359 371 10 128 296 395 50 129 47 355 150 84 194 131 274 126 132 354 484 71 439 329 78 492 116 30 144 41 16 67 431 404 305 189 448 35 100 151 420 25 117 315 135 204 51 295 113 142 73 143 52 46 299 452 105 398 325 375 145 319 414 322 89 304 419 146 279 38 418 191 130 127 231 96 37 286 156 281 106 102 478 9 314 120 147 276 149 328 28 181 320 68 247 406 443 65 211 172 99 148 4 451 272 152 79 261 136 378 153 337 115 332 273 29 474 486 229 317 405 159 380 60 92 48 157 75 413 160 83 434 40 256 238 80 76 275 270 70 13 1 336 121 98 468 481 137 173 109 155 95 110 374 66 227 140 421 206 23 77 396 472 134 104 407 258 491
Case #13: Yes
472 208 262 2 4 152 286 382 188 133 477 13 237 150 21 22 319 23 26 45 379 73 445 270 261 462 324 475 110 342 402 193 106 428 358 217 421 317 14 368 236 40 42 292 346 99 140 28 48 49 6 316 20 189 144 265 162 52 246 499 58 70 424 352 372 474 60 279 56 294 1 62 64 86 65 47 44 373 61 190 130 457 127 216 67 69 74 75 278 498 344 3 154 395 139 83 452 305 327 453 362 458 78 263 394 32 91 375 113 107 271 408 81 412 416 470 247 82 464 248 84 425 198 229 383 378 53 85 211 429 438 76 369 240 94 29 245 171 57 420 143 435 80 407 90 299 269 297 24 398 37 214 92 51 7 273 95 180 15 281 363 138 55 280 11 495 145 471 97 71 54 79 30 403 298 307 105 415 128 108 88 476 68 12 38 360 72 390 226 134 482 400 136 385 151 434 376 244 18 194 114 98 174 232 252 322 102 112 104 258 109 199 5 115 460 183 41 17 480 486 469 310 27 77 100 222 221 157 333 343 419 50 63 118 354 43 361 159 396 33 16 8 220 156 46 117 119 35 39 414 19 207 36 347 213 242 187 93 10 129 250 59 443 25 9 87 314 275 405 31 163 374 103 101 238 243 302 254 34 120 422 111 370 446 137 66 121 409 89 492 489 227 116 466 296 326 431 96
Case #14: Yes
481 3 4 320 132 12 14 139 16 20 21 379 351 421 27 404 30 32 34 35 308 91 479 62 42 45 287 168 484 242 303 255 391 55 433 56 17 58 6 15 59 63 217 179 485 67 57 247 224 75 24 196 477 76 65 81 82 376 397 469 143 87 319 89 69 424 90 93 94 95 80 222 70 68 321 97 100 102 137 105 284 478 314 31 107 36 48 8 110 77 112 83 18 114 22 116 467 118 277 122 486 342 111 104 291 127 334 129 133 386 237 204 26 140 263 142 157 121 43 74 244 257 254 113 145 86 423 385 120 360 101 136 409 155 457 96 299 64 218 23 47 463 159 175 103 10 2 119 163 156 115 276 92 318 1 368 419 158 165 238 169 227 98 44 79 435 60 149 73 173 53 176 346 174 109 152 28 123 317 178 180 240 187 183 186 483 162 258 78 188 443 190 333 46 151 468 128 164 50 38 131 192 37 5 126 138 191 144 166 369 252 370 41 195 153 52 184 99 61 417 147 172 182 130 161 264 246 117 148 88 372 231 198 200 51 134 39 201 84 202 11 9 377 199 146 135 160 33 197 177 381 167 125 205 193 189 150 40 54 345 451 206 71 185 108 271 106 141 331 272 337 194 25 225 462 465 203 124 181 49 85 219 19 72 170 7 171 66 267 412 251 301 281 328 220 29 154 13
Case #15: Yes
1 2 3 4 5
Case #16: Yes
211 189 250 7 332 320 301 382 115 12 40 329 363 14 327 21 288 265 46 409 235 90 194 26 28 208 44 457 31 32 237 257 41 45 345 18 182 78 3 193 15 180 51 435 186 53 54 43 56 69 277 93 58 107 60 206 339 360 364 62 335 203 29 458 67 97 73 252 468 95 227 74 333 75 76 407 19 35 251 179 197 368 437 426 316 23 325 83 381 27 87 68 22 268 9 108 104 92 234 96 88 101 169 94 415 42 259 283 10 396 184 91 61 24 124 417 106 261 482 98 16 4 38 111 112 424 485 338 116 80 55 120 122 36 126 144 452 461 113 121 129 2 81 8 398 271 201 105 217 114 411 85 134 84 273 47 71 128 13 298 287 137 139 65 475 296 34 138 322 86 145 340 202 63 147 148 130 133 48 449 146 492 52 156 135 100 131 136 152 342 158 64 140 263 383 119 6 341 270 66 154 33 157 233 308 413 159 196 478 311 150 11 229 161 168 109 50 403 231 432 102 141 198 117 353 123 162 163 228 79 328 164 153 490 57 254 438 89 170 171 1 132 151 25 379 82 167 118 5 399 127 103 166 49 191 317 110 187 286 173 378 142 183 70 125 59 388 299 39 370 143 155 165 99 373 442 172 37 77 30 20 377 429 160 421 318 72 17 149
Case #17: Yes
1 2 10 3 20 21
Case #18: Yes
326 494 8 420 277 224 249 120 240 74 1 71 183 10 72 214 385 12 13 14 472 213 330 144 20 370 21 125 26 28 456 243 463 33 245 22 4 272 35 117 36 390 158 38 41 43 426 131 47 68 469 9 86 351 367 238 46 27 48 410 112 52 55 430 160 366 345 51 356 155 209 56 50 85 486 459 59 61 460 39 3 208 53 368 325 66 333 76 70 295 493 254 78 37 429 293 136 42 297 80 173 492 289 87 342 362 491 90 451 49 437 282 96 358 281 274 58 194 422 102 204 425 99 118 103 212 89 2 113 106 45 63 95 88 147 108 307 5 283 253 110 64 19 111 60 32 303 379 91 17 291 93 354 405 215 75 378 116 11 442 121 189 179 257 441 135 167 40 200 15 156 57 419 262 23 114 316 16 421 461 306 73 97 175 7 104 408 122 105 250 375 477 191 30 447 101 65 394 416 318 196 184 18 216 67 31 304 79 83 488 124 411 499 364 340 148 498 474 236 327 6 24 484 127 172 92 109 69 299 123 414 481 54 177 331 98 137 181 119 444 77 377 436 435 228 386 427 29 471 393 62 233 203 260 373 84 115 383 450 409 371 231 34 153 193 190 129 82 276 468 162 487 107 161 230 171 201 336 100 126 462 94 244 128 187 302 199 239 449 261 44 25 434 81 309
Case #19: Yes
2 1 4 3 5 6 8 7
Case #20: Yes
255 1
Case #21: Yes
260 1 2 231 6 7 453 10 11 186 391 15 18 20 12 21 190 168 399 26 4 269 474 184 194 31 34 334 37 463 261 239 40 257 39 179 42 44 45 47 192 48 145 109 16 392 52 110 53 368 74 253 56 58 24 141 425 415 267 67 69 46 27 55 308 3 75 29 41 373 218 413 32 64 82 83 84 77 208 86 88 65 89 224 344 207 95 254 36 97 100 107 17 101 489 19 304 9 102 96 104 106 54 108 49 111 189 142 93 139 113 91 115 245 30 130 348 213 485 85 394 43 25 14 204 127 332 434 445 71 105 114 63 38 294 125 128 476 135 251 118 99 70 132 119 133 122 28 305 235 61 234 454 87 72 60 66 13 365 437 377 22 68 50 229 81 116 338 129 59 140 80 137 138 35 175 124 408 297 117 76 143 385 222 131 459 237 362 103 79 57 136 289 121 144 98 73 148 23 78 120 90 8 150 201 147 209 33 149 62 146 92 134 290 112 126 5 407 94 359 51 306 123 446 452 322 443 389
Case #22: Yes
1 2 5 125 9 12 15 461 21 229 147 75 448 223 7 25 128 28 29 30 286 33 288 35 38 40 41 78 401 365 54 46 47 291 417 252 57 64 55 16 59 4 322 61 181 62 31 65 66 68 73 176 37 364 82 83 168 85 88 129 403 89 160 466 231 290 167 10 93 228 116 96 71 326 11 438 416 296 406 101 114 105 74 50 259 108 435 49 32 103 111 495 52 84 264 456 437 269 220 119 135 359 90 121 123 494 122 367 86 127 72 130 22 120 172 91 187 117 26 379 94 138 476 230 295 20 343 188 144 146 193 261 109 441 14 339 458 13 342 163 110 106 80 95 150 154 3 56 156 419 132 421 377 142 337 158 34 159 124 402 153 48 149 348 335 180 152 98 492 145 134 45 162 131 474 485 143 63 346 166 161 43 186 171 23 87 174 139 192 92 177 279 183 19 173 244 189 393 329 369 99 382 151 53 338 275 185 77 165 334 118 126 148 237 449 194 195 42 390 104 27 190 191 424 115 350 197 179 460 155 39 51 199 136 76 141 60 178 17 303 354 100 67 113 256 164 112 202 79 204 102 363 468 70 235 6 97 200 18 196 201 140 207 198 234 170 58 81 36 221 208 157 182 214 209 133 69 169 44 211 372 212 222 385 107 205 240 203 206 8 175 184 361 137 24 210
Case #23: Yes
144 295 4 5 10 230 12 13 127 228 9 19 22 235 28 140 153 40 168 160 15 46 217 21 14 27 50 256 56 58 60 63 65 68 142 70 72 75 86 78 80 83 151 87 38 208 108 1 222 2 102 6 106 95 109 274 172 76 47 117 119 98 121 57 190 124 289 62 128 130 134 135 202 129 74 221 143 71 169 276 205 11 85 100 150 79 156 67 149 306 158 132 73 164 219 97 36 163 23 167 91 304 118 110 115 176 59 49 33 53 8 183 103 184 189 107 84 66 191 194 286 55 296 162 26 200 197 16 31 25 77 206 173 42 48 201 101 29 263 213 269 174 220 105 192 180 226 227 231 99 114 137 20 237 215 96 239 61 89 238 94 240 146 155 293 18 248 251 252 254 255 45 69 81 51 185 44 261 262 181 154 265 3 136 218 267 116 177 308 199 214 187 30 159 270 233 234 152 268 229 182 165 41 249 147 138 64 224 271 250 247 301 17 266 302 236 198 246 216 54 120 212 259 171 242 223 7 273 186 244 260 275 82 32 131 264 277 161 207 178 210 125 225 111 203 88 39 204 303 93 141 43 241 34 272 232 126 145 157 279 193 281 90 148 139 284 278 287 113 285 290 104 179 209 280 112 292 175 283 37 243 188 122 35 133 196 282 258 166 211 92 195 24 123 253 245 257 170 52 288
Case #24: Yes
47 71 225 3 4 21 148 5 386 9 69 312 390 13 399 307 15 151 16 23 454 35 407 261 247 376 20 38 380 39 41 44 130 169 49 338 53 122 54 303 45 341 285 245 495 104 249 273 256 98 55 210 57 284 431 58 183 280 406 59 379 215 61 62 333 36 480 202 65 66 311 42 73 494 155 102 78 461 168 1 443 80 487 83 64 301 76 269 451 85 219 86 88 149 319 241 40 30 322 60 8 101 243 255 170 95 375 232 67 334 476 355 398 96 331 260 366 103 458 93 107 11 378 82 112 389 327 68 116 117 121 77 99 118 410 84 89 287 185 17 6 74 94 125 131 92 132 267 134 31 348 105 137 138 24 12 335 145 63 471 114 70 143 51 33 14 75 146 43 264 142 150 10 152 281 28 324 320 433 140 79 357 56 154 396 172 72 26 342 286 457 109 136 263 220 144 424 159 37 141 129 184 371 489 413 124 22 115 164 449 412 488 162 467 302 147 211 100 2 195 381 270 46 91 160 446 414 120 428 87 166 224 135 227 161 106 179 492 52 486 466 277 415 32 113 175 432 123 50 25 18 127 173 156 90 119 298 427 349 27 81 364 167 323 315 292 226 111 34 110 19 97 485 157 133 128 181 7 236 165 491 186 178 29 272 163 108 139 158 153 251 313 48 383 126
Case #25: Yes
2 4 386 5 261 3 9 360 7 425 155 90 477 16 86 111 417 76 347 456 295 165 85 118 354 75 253 23 14 323 24 311 234 27 8 30 36 218 345 500 37 38 40 41 428 175 28 276 65 42 294 73 206 44 381 146 465 11 13 52 129 81 45 279 49 290 50 126 58 56 497 396 270 115 314 280 57 287 222 127 324 272 153 440 266 198 376 18 68 108 62 200 285 316 225 227 66 109 406 67 125 169 387 310 60 138 143 216 274 359 262 54 70 71 291 21 15 72 77 154 101 82 83 166 87 241 10 22 447 263 429 78 69 304 131 419 268 92 43 187 230 94 201 442 157 486 458 203 112 366 97 349 128 6 322 484 431 355 99 205 39 51 245 481 212 121 474 171 102 297 368 55 105 95 106 315 471 312 114 418 480 289 402 265 98 74 59 107 464 116 384 267 334 132 64 34 416 119 328 251 46 404 91 375 89 26 123 117 124 104 29 113 17 460 79 247 482 100 130 93 427 133 342 84 167 48 320 135 412 80 110 256 158 25 420 61 210 363 414 139 20 424 362 432 147 134 63 96 338 145 309 446 472 242 88 388 252 463 33 303 196 1 32 257 140 293 186 47 397 53 136 393 12 152 35 193 394 470 180 122 269 150 137 450 435 240 308 19 494 317 430 383 389 31 377 103 326 120
Case #26: Yes
101 75 270 6 167 341 163 7 327 381 17 20 21 24 189 32 322 232 31 244 164 35 157 26 499 496 38 8 463 40 490 42 340 27 46 49 237 25 113 57 52 233 55 437 174 61 62 228 307 310 150 67 16 483 238 71 77 384 81 118 109 34 45 371 125 86 80 173 89 484 10 188 91 439 399 94 29 78 123 83 11 395 219 177 431 14 136 344 203 102 172 103 165 104 154 126 198 107 417 15 259 100 116 69 158 74 365 120 248 262 343 192 127 79 208 5 93 156 18 461 471 128 181 106 447 3 134 132 130 13 133 145 28 144 124 319 404 9 487 493 182 257 138 139 249 236 247 474 147 430 65 137 142 143 54 129 272 39 268 191 149 292 121 456 309 151 23 306 111 367 60 112 166 235 266 286 22 160 168 444 84 159 99 169 171 53 41 385 464 478 178 110 90 85 489 68 43 345 58 105 155 352 98 334 214 180 170 19 378 70 56 468 72 323 114 355 459 4 421 117 76 162 389 140 283 440 185 467 30 176 73 210 187 88 186 396 462 234 260 153 280 429 122 472 64 51 418 193 36 288 184 206 115 2 63 336 229 242 161 392 37 131 82 175 12 33 148 48 1 434 96 119 141 282 183 383 303 44 95 335 135 398 87 291 179 146 47 108 92 277 342 59 202 66 97 152 50 194 269 190
Case #27: Yes
208 466 475 1 286 224 333 399 485 233 76 5 6 8 40 204 137 9 75 219 319 10 78 335 378 65 353 4 497 461 283 12 340 7 2 278 55 13 18 11 368 14 3
Case #28: Yes
9 316 104 37 164 315 343 134 310 8 193 140 257 64 495 171 26 484 357 256 440 480 119 225 370 125 416 390 110 113 336 325 76 170 319 158 385 412 258 478 57 90 348 63 456 469 233 126 369 500 75 53 323 120 267 442 144 331 362 220 308 200 403 437 328 396 305 320 243 287 449 276 290 41 254 29 351 318 249 212 109 327 174 21 493 468 365 205 270 131 191 19 445 260 496 5 393 226 122 207 284 466 425 195 58 407 306 101 354 51 311 398 221 470 28 223 476 353 454 455 463 34 118 298 133 10 347 208 244 42 194 417 265 487 189 314 152 98 472 333 102 382 424 297 55 292 23 477 423 273 422 72 180 20 36 268 146 94 181 420 67 177 397 446 230 399 247 366 209 386 373 213 204 31 444 324 132 117 436 217 229 418 342 219 296 303 251 87 378 123 99 56 24 52 300 108 430 161 428 486 286 242 372 313 105 13 44 494 421 39 201 335 299 380 192 234 150 127 439 62 81 96 474 160 406 344 413 33 371 188 74 78 206 283 246 210 321 48 237 352 43 471 240 450 7 411 394 84 322 215 88 384 252 274 45 282 339 143 309 401 408 103 479 135 294 497 295 176 211 115 409 68 165 452 85 438 65 278 183 30 151 329 71 250 69 15 261 97 426 59 238 361 340 368 235 17 116 185 498 107
Case #29: Yes
271 72 6 157 9 13 291 16 19 28 31 32 40 41 96 42 234 43 94 46 202 3 7 51 58 53 55 287 134 64 65 273 95 203 34 241 68 71 73 307 12 237 77 78 79 82 84 166 86 87 138 92 294 253 173 300 106 116 109 111 146 117 140 252 159 74 121 125 2 248 20 62 207 128 130 50 132 141 144 145 17 49 149 76 193 10 21 153 5 304 45 199 229 113 158 90 126 33 18 135 163 164 268 11 286 105 167 67 168 171 133 293 175 179 169 101 180 185 155 188 35 190 115 191 22 195 1 310 196 282 201 206 213 124 147 181 118 100 218 220 222 224 299 225 156 226 214 200 245 308 208 227 230 60 162 170 139 89 47 183 174 233 236 186 228 151 215 240 238 242 178 211 83 292 235 259 187 246 97 91 247 81 136 231 88 265 284 209 198 197 274 251 184 154 256 8 243 148 69 270 205 210 152 44 61 212 52 189 217 263 305 266 267 27 131 110 258 75 137 272 48 262 204 114 275 107 103 102 14 85 192 223 122 176 172 23 254 255 37 24 56 108 182 25 4 280 285 276 80 177 26 38 277 99 123 129 36 143 250 112 281 39 59 119 260 278 249 150 279 98 283 29 244 30 257 142 219 269 66 120 165 161 288 57 194 160 309 104 221 54 239 232 264 261 15 93 70 127 63 216
Case #30: Yes
374 42 405 392 464 489 24 5 7 492 8 11 14 236 18 20 271 246 15 23 25 93 314 21 445 96 451 29 139 104 420 123 299 118 221 34 28 366 300 335 112 49 36 41 261 320 79 44 156 45 48 312 206 50 53 170 2 413 111 290 274 482 155 30 13 31 226 230 270 422 260 52 430 386 58 1 38 60 55 195 97 477 378 64 327 65 66 67 98 391 267 196 245 63 497 435 70 71 352 54 184 138 130 448 190 166 244 26 168 78 163 317 439 358 423 396 82 215 279 427 61 27 428 84 440 189 395 484 133 425 491 198 86 73 81 87 450 89 90 280 284 51 109 214 302 467 91 262 127 253 218 191 85 137 338 9 310 157 33 210 99 461 340 116 103 334 162 377 108 144 192 248 10 200 224 209 95 113 80 389 385 223 178 142 39 148 19 296 59 92 22 490 169 361 77 344 365 382 47 3 117 250 414 119 122 449 309 35 394 208 76 46 57 120 17 88 313 83 125 126 403 107 459 424 143 294 69 128 324 175 101 62 16 74 141 75 183 319 265 205 481 180 114 40 106 129 6 238 278 388 131 181 32 269 121 145 285 136 412 486 72 43 308 465 115 124 135 68 146 160 147 416 384 94 417 4 295 132 415 149 134 231 433 368 100 437 343 105 436 110 241 367 140 402 37 102 56 219 297 12
Case #31: Yes
134 3 135 461 8 2 11 19 15 186 20 23 480 202 18 232 26 482 484 28 29 6 382 39 347 40 180 4 371 333 420 46 102 485 355 89 166 47 52 56 160 245 57 123 58 60 276 62 163 146 354 292 441 312 65 53 124 264 68 299 136 69 394 266 402 74 337 341 80 176 30 188 90 430 114 86 96 94 97 384 101 458 79 235 32 451 104 481 22 105 335 100 137 107 55 486 93 207 109 38 390 470 148 140 21 307 340 63 328 106 49 116 467 118 428 424 422 119 59 17 411 125 95 126 84 157 393 291 259 35 99 36 183 227 88 150 71 406 42 127 78 154 45 162 436 67 309 412 129 110 407 25 103 416 130 132 242 66 43 194 152 112 133 139 365 322 147 169 270 31 37 178 177 151 7 288 462 54 351 374 345 191 192 83 385 413 117 261 203 421 122 324 73 153 115 131 120 128 92 187 155 98 70 34 72 409 200 81 471 190 44 254 161 492 64 283 76 310 359 41 51 364 1 399 456 325 269 487 87 158 149 172 315 397 447 24 195 111 144 91 168 10 174 113 465 82 156 289 165 5 205 77 327 50 9 164 61 237 277 13 85 138 367 141 173 217 395 437 27 171 175 490 210 12 121 33 182 167 450 16 419 170 226 14 159 211 241 143 48 179 75 145 466 209 108 414 142 348 260 196
Case #32: Yes
1 6 400 425 9 124 223 165 15 18 19 21 310 318 125 361 187 392 421 41 326 416 380 267 25 70 264 28 29 17 259 30 34 367 131 210 329 39 168 37 402 79 387 43 300 45 14 230 364 47 337 355 265 406 49 27 52 258 56 58 222 418 60 42 440 40 2 188 63 66 38 71 11 442 120 214 59 50 365 16 81 3 62 82 333 85 373 24 431 88 7 343 115 89 55 352 311 441 398 91 226 67 397 130 339 22 372 295 196 192 417 199 232 161 328 360 338 235 92 157 160 359 98 283 128 5 101 105 148 72 74 426 107 110 423 116 419 375 20 246 119 346 93 234 260 121 301 129 134 135 136 97 48 137 132 294 438 141 139 112 401 164 391 111 75 108 303 183 247 83 76 286 61 65 345 8 354 147 64 100 117 229 388 394 443 142 32 86 73 420 143 114 386 217 127 389 150 193 152 10 153 298 26 308 4 154 209 203 12 291 46 146 385 211 254 155 253 156 113 353 51 126 190 149 104 263 413 185 427 140 69 243 33 296 106 31 178 257 282 163 103 250 268 95 412 99 133 90 184 279 78 94 109 162 87 166 327 118 144 404 293 169 434 435 446 57 68 312 151 44 53 122 77 84 145 80 299 54 35 102 357 302 384 96 336 379 158 251 13 23 36 138 159 167 227 322 415 123 204
Case #33: Yes
259 1 146 10 5 11 338 12 93 137 6 16 308 17 19 42 311 21 23 26 27 28 32 34 231 18 37 444 324 110 43 242 94 150 24 205 48 30 20 475 493 147 52 217 326 4 176 383 54 432 463 56 57 58 368 60 61 331 64 65 66 144 71 272 70 334 215 68 8 288 50 85 135 304 80 81 83 362 282 458 63 9 479 251 87 89 91 96 452 483 95 106 184 472 341 120 75 76 39 31 109 88 349 239 466 476 111 375 67 103 69 478 405 104 305 102 200 3 249 107 262 378 25 294 49 92 437 98 332 145 62 256 390 74 460 366 371 114 277 72 45 411 122 14 119 180 363 175 474 112 123 152 240 38 327 113 265 412 125 126 353 130 348 480 51 384 319 108 77 78 388 182 41 13 124 211 15 134 140 321 169 422 187 79 167 116 226 148 247 163 46 355 35 281 151 489 143 149 155 73 487 385 266 292 131 443 207 7 156 421 139 194 464 178 325 320 367 477 399 84 82 117 377 206 448 257 158 467 291 209 142 431 470 22 136 420 500 347 128 290 279 129 133 138 427 127 29 105 323 401 393 159 280 90 53 59 86 252 47 455 284 193 33 219 435 210 406 99 118 365 361 268 97 154 157 484 153 160 101 44 121 55 374 309 36 433 132 395 40 100 382 141 2 298 115 161
Case #34: Yes
1 2 3 4 5 6 7 8 9 10 11 12 13 14 15 16 17 18 19 20 21 22 23 24 25 26 27 28 29 30 31 32 33 34 35 36 37 38 39 40 41 42 43 44 45 46 47 48 49 50 51 52 53 54 55 56 57 58 59 60 61 62 63 64 65 66 67 68 69 70 71 72 73 74 75 76 77 78 79 80 81 82 83 84 85 86 87 88 89 90 91 92 93 94 95 96 97 98 99 100 101 102 103 104 105 106 107 108 109 110 111 112 113 114 115 116 117 118 119 120 121 122 123 124 125 126 127 128 129 130 131 132 133 134 135 136 137 138 139 140 141 142 143 144 145 146 147 148 149 150 151 152 153 154 155 156 157 158 159 160 161 162 163 164 165 166 167 168 169 170 171 172 173 174 175 176 177 178 179 180 181 182 183 184 185 186 187 188 189 190 191 192 193 194 195 196 197 198 199 200 201 202 203 204 205 206 207 208 209 210 211 212 213 214 215 216 217 218 219 220 221 222 223 224 225 226 227 228 229 230 231 232 233 234 235 236 237 238 239 240 241 242 243 244 245 246 247 248 249 250 251 252 253 254 255 256 257 258 259 260 261 262 263 264 265 266 267 268 269 270 271 272 273 274 275 276 277 278 279 280 281 282 283 284 285 286 287 288 289 290 291 292 293 294 295 296 297 298 299 300
Case #35: Yes
54 235 295 18 76 3 131 424 84 459 115 324 192 8 322 118 2 285 11 183 20 10 85 51 194 103 12 13 30 7 15 1 79 465 36 95 17 16 21 294 461 189 368 25 26 282 484 263 28 29 31 32 417 277 82 166 9 58 93 348 455 37 102 141 33 38 378 406 116 244 86 187 178 153 24 4 19 443 39 27 23 40 77 113 357 22 375 42 414 34 73 14 41 123 434 170 43 159 6 35 5
Case #36: Yes
283 60 1 2
Case #37: Yes
448 194 40 56 273 440 263 218 477 5 339 156 187 177 456 416 412 182 315 12 50 8 460 437 17 333 466 10 485 33 161 228 189 78 312 478 207 474 221 95 425 25 159 3 77 328 27 106 361 30 127 235 58 85 279 476 354 154 107 37 407 129 413 489 139 90 394 393 46 15 480 343 295 125 42 275 256 415 233 223 52 251 29 341 63 186 373 62 267 458 65 13 445 280 20 364 21 391 308 53 385 38 51 70 69 168 126 72 239 128 73 249 143 68 80 236 93 36 372 39 449 472 28 421 277 214 324 84 87 467 198 313 272 76 97 278 31 100 365 61 102 96 247 258 299 487 19 217 104 112 368 9 209 18 26 109 75 24 441 398 45 259 481 145 101 120 232 41 451 4 23 105 192 253 201 266 400 390 2 113 148 420 79 116 92 227 254 160 281 81 117 137 410 83 241 32 67 181 1 6 119 452 111 22 94 430 319 166 287 298 431 88 496 121 204 60 123 47 7 55 468 66 57 304 54 48 406 191 82 130 131 320 44 103 132 49 216 495 371 43 387 133 64 34 405 429 464 262 35 91 366 14 134 98 428 74 500 185 86 115 473 222 465 318 167 397 246 423 457 322 99 135 307 490 164 59 401 114 261 108 210 282 89 202 270 136 331 118 122 443 286 71 110 497 459 11 16 124 358
Case #38: Yes
1 2 4 10 6 5 3 7 8 12 13 9
Case #39: Yes
59 3 142 6 469 9 11 16 274 443 19 78 264 344 99 24 487 383 257 30 35 36 40 452 253 44 1 45 46 49 50 258 54 55 38 384 28 60 61 63 228 66 69 31 41 424 71 158 428 52 62 23 409 277 81 80 83 27 25 85 86 57 90 364 53 77 488 454 22 93 387 98 223 103 313 84 87 169 148 247 107 492 334 111 122 422 58 394 42 32 48 115 34 70 120 125 464 459 131 130 134 453 318 343 136 140 146 95 150 139 155 332 159 309 161 94 162 328 166 303 160 165 147 288 113 168 171 174 442 176 2 184 177 312 419 179 348 354 353 20 327 243 367 324 112 73 178 67 88 483 89 144 129 29 33 117 186 199 399 4 118 224 190 74 259 413 10 37 182 180 82 132 100 157 5 209 188 191 92 149 242 263 219 175 151 193 304 302 217 110 195 407 39 14 200 68 17 104 227 468 43 203 105 126 279 418 297 96 137 119 447 121 494 185 106 463 298 47 12 397 206 342 172 183 314 163 194 79 252 181 75 333 473 91 196 187 13 65 102 138 205 268 109 123 164 124 369 156 153 189 8 201 97 101 398 114 21 108 273 472 272 18 141 145 133 7 192 372 232 51 207 378 154 135 152 198 284 167 229 143 72 127 76 457 170 202 173 254 208 116 204 56 26 15 128 197 64
Case #40: Yes
475 1 4 7 403 363 8 9 305 407 214 307 55 388 11 72 434 15 116 95 20 21 88 22 472 209 25 13 452 30 400 34 16 323 178 39 40 43 184 87 92 48 139 495 49 28 190 52 90 58 60 61 62 64 65 493 113 50 31 68 70 462 471 56 74 156 76 78 430 36 81 84 274 12 91 193 45 175 99 147 182 98 100 32 317 54 14 103 24 106 108 438 77 111 26 114 499 115 117 278 142 394 300 5 122 349 123 215 112 35 38 217 127 128 42 132 75 41 135 331 131 201 140 370 143 368 145 258 18 23 144 151 19 279 451 121 157 94 138 339 360 159 73 494 2 104 29 17 105 133 82 51 341 164 59 130 348 166 391 343 118 129 167 249 287 67 136 447 277 153 124 66 126 263 171 337 477 165 3 276 466 216 191 174 149 109 476 463 97 177 152 162 141 172 374 176 169 290 148 181 134 261 496 80 302 364 185 436 425 301 46 47 225 170 83 316 194 125 150 146 197 10 154 199 296 235 187 324 101 155 160 63 168 292 256 183 89 119 107 440 465 203 173 96 200 120 158 186 204 205 376 189 192 384 180 206 69 212 390 137 57 33 208 372 195 329 71 161 27 86 188 198 163 79 418 283 210 85 110 102 345 365 386 196 93 285 207 340 6 44 37 342 53 202 179 325
Case #41: Yes
490 397 73 20
Case #42: Yes
1 239 192 293 196 4 121 493 131 325 320 9 367 431 104 398 494 413 66 371 411 10 12 2 98 63 13 281 6 76 236 81 8 14 275 68 179 442 202 421 108 7 75 21 11 3 277 195 355 5
Case #43: Yes
1 77 169 4 41 280 7 5 3 497 419 371 465 2 9 176 262 63 458 8 12 100 230 42 207 10 11 13 395 6 106
Case #44: Yes
288 23 90 380 47 11 53 374 66 220 76 296 159 128 18 20 24 277 26 359 28 29 4 27 33 290 38 70 335 342 384 161 175 52 364 34 229 217 55 36 46 60 200 68 69 21 183 218 158 62 178 306 210 117 253 258 267 42 61 341 148 129 3 240 389 10 19 17 82 330 289 336 197 156 9 22 347 83 92 225 172 149 375 80 256 211 355 232 209 357 268 79 71 59 324 88 136 153 94 37 101 349 67 310 43 222 368 142 263 295 65 356 97 32 1 107 31 57 114 102 103 63 13 8 5 125 74 98 109 323 110 115 326 169 112 198 116 73 104 166 170 348 312 143 236 122 191 56 111 322 25 126 120 93 173 297 50 317 75 48 130 118 131 151 16 307 137 100 84 242 108 390 199 160 7 139 376 228 182 192 45 279 145 274 309 292 251 135 377 144 150 40 49 58 241 344 105 124 332 14 254 207 223 154 96 95 187 155 140 72 320 354 230 291 261 371 189 146 321 361 132 134 260 184 2 141 127 193 234 54 293 64 338 15 44 383 51 180 30 147 77 372 85 168 99 81 316 6 329 157 337 162 315 121 221 386 343 239 179 351 35 205 39 78 287 171 311 308 299 119 273 259 216 379 285 275 86 194 284 319 123 133 89 208 91 313 138 152 12 87 106 163 41 346 286 113
Case #45: Yes
56 143 1 155 305 39 303 330 205 156 179 10 373 438 122 3 486 287 18 4 22 27 231 114 268 30 72 239 236 278 32 467 313 478 316 191 475 277 35 36 282 495 419 61 43 69 310 44 443 331 290 261 336 425 51 24 185 263 5 466 154 498 464 349 6 77 148 62 120 60 461 171 485 66 67 68 453 14 325 436 250 228 271 111 375 26 422 76 79 337 214 218 199 33 391 490 468 81 418 37 85 189 91 109 86 19 333 17 446 90 48 92 140 334 2 93 340 159 322 180 96 98 99 346 97 15 396 29 28 11 100 410 46 84 41 102 262 234 405 471 390 240 63 31 40 459 42 59 238 83 481 101 124 321 106 64 53 441 70 107 50 301 243 108 217 304 16 139 9 54 116 34 351 123 315 119 25 299 105 500 118 488 492 477 309 153 57 235 129 406 383 110 130 476 132 456 45 379 125 393 183 403 103 134 363 371 49 281 320 78 182 74 55 382 460 131 65 424 112 306 38 335 21 392 381 75 141 126 121 431 317 200 272 470 135 8 364 350 104 324 160 216 95 356 82 71 136 115 12 264 265 89 254 20 137 409 128 462 167 133 417 437 348 380 472 496 233 58 215 352 480 427 47 80 248 88 407 326 341 127 7 138 344 117 166 23 435 87 430 94 13 144 73 269 52 223 142 376 386 113
Case #46: Yes
1 153 3 4 6 8 426 10 13 14 422 16 18 20 22 146 80 19 24 25 26 28 29 27 70 9 243 203 197 32 2 33 480 430 355 34 23 404 7 36 37 372 39 423 15 113 130 267 400 252 17 21 217 148 190 40 11 65 41 337 12 134 368 44 176 5 414 35 88 332 109 30 31 38 249 187 42 57 272 145 43
Case #47: Yes
1 2 10 11 12
Case #48: Yes
284 1 4 466 7 8 9 10 175 14 81 171 16 19 20 22 474 258 309 373 28 495 32 34 304 262 375 39 235 42 35 48 53 143 55 56 57 58 61 64 41 293 65 21 68 473 74 60 75 161 78 228 441 80 82 52 487 197 87 89 425 24 91 401 358 454 92 27 96 94 348 98 70 99 255 101 343 103 380 287 29 105 221 109 249 114 389 260 72 283 2 271 138 117 11 120 122 123 49 102 147 482 43 456 306 435 127 85 130 131 134 439 136 140 71 381 141 116 406 25 104 15 3 219 26 119 76 146 84 148 97 12 150 462 95 211 90 33 191 279 470 30 132 457 475 88 113 326 156 18 158 44 233 162 36 469 165 5 333 83 492 164 159 170 317 137 281 50 188 176 322 133 172 6 448 349 121 179 298 37 455 62 414 46 154 182 107 426 291 185 267 31 142 45 444 345 189 193 112 338 404 149 390 173 106 192 66 289 168 198 100 194 135 63 124 410 356 320 199 360 118 385 23 200 155 54 59 157 301 167 490 73 187 152 47 184 428 40 129 201 489 108 202 361 394 264 330 139 144 86 111 166 67 160 151 126 265 174 341 203 245 169 128 186 77 232 145 38 196 209 93 51 79 420 236 190 460 115 430 110 177 363 411 163 69 499 180 183 181 17 153 195 220 205 424 13 204 178 125 280
Case #49: Yes
1 35 2 6 437 324 286 12 23 413 36 16 17 389 246 427 488 278 21 32 153 25 29 26 8 33 214 454 320 297 38 42 133 272 46 43 9 84 51 65 22 4 54 476 55 261 57 156 10 59 370 60 127 402 63 439 430 41 40 67 18 13 69 308 317 73 71 192 269 76 111 423 64 403 78 81 48 384 86 24 88 94 239 27 11 461 96 19 135 151 355 462 157 232 101 300 104 106 387 490 107 481 108 112 480 114 115 120 119 122 98 121 475 142 230 238 99 207 83 3 102 109 315 276 132 139 141 144 145 495 150 66 147 74 138 149 28 128 399 85 155 82 258 124 143 116 158 440 159 161 171 306 117 179 282 56 7 372 432 354 479 163 165 39 140 70 168 496 77 61 47 329 45 89 425 58 184 170 80 373 126 346 14 251 68 483 154 390 186 180 90 30 118 167 15 174 176 130 113 178 72 75 182 266 177 445 20 37 52 97 358 152 172 212 185 53 91 294 183 169 459 424 103 438 188 79 105 146 134 412 240 191 95 493 193 166 5 200 195 100 377 190 31 223 226 197 189 92 173 34 49 44 87 137 196 164 62 131 181 123 148 125 198 280 50 110 160 194 361 129 345 243 452 136 93 201 472 162 199 221 175 202 203 268 330 187
Case #50: Yes
1 3 5 7 10 12 14 16 17 8 18 20 22 25 28 30 32 13 34 36 38 41 43 46 48 50 52 54 56 58 60 62 64 66 68 70 26 73 75 77 33 79 81 83 86 88 90 92 94 97 99 42 101 103 105 107 109 4 111 113 87 115 55 117 119 121 123 29 67 125 127 129 131 133 44 136 138 141 143 146 148 150 152 155 78 157 159 158 161 164 166 168 170 172 102 174 176 23 178 69 180 182 184 186 188 190 192 100 9 124 187 194 39 175 196 198 153 183 200 202 204 45 206 208 95 199 210 15 147 212 215 217 219 51 108 221 223 226 91 185 171 177 27 228 110 230 232 234 236 238 240 84 242 195 244 246 11 231 248 191 250 130 243 224 253 255 257 259 235 261 229 162 263 149 6 265 213 239 251 256 252 267 24 122 227 104 269 128 271 173 273 120 275 209 21 40 245 139 205 156 214 272 277 144 189 181 49 274 279 237 31 89 179 278 154 37 281 283 106 285 59 137 287 247 47 132 197 211 112 258 282 289 264 291 142 218 96 207 284 61 160 126 286 293 63 82 295 297 57 249 118 299 71 80 145 72 151 260 35 233 134 163 116 140 165 296 201 2 169 268 270 241 225 167 98 114 220 290 193 85 222 216 294 292 53 93 254 262 266 203 76 300 288 280 19 74 135 276 65 298
Case #51: Yes
5 8 302 170 441 190 75 198 57 396 6 81 12 13 189 209 15 200 65 71 288 22 26 24 295 28 363 420 85 204 18 407 58 86 182 133 280 33 355 442 245 36 423 39 419 40 96 72 164 183 124 9 370 405 44 358 109 313 47 260 275 192 82 56 38 25 222 66 104 299 445 76 29 262 377 292 78 248 333 80 117 430 259 231 297 418 326 87 211 195 97 88 89 287 342 91 318 327 184 414 94 69 393 99 100 386 356 345 10 136 46 266 140 353 163 394 103 105 55 417 135 362 145 317 324 30 379 293 67 27 271 114 2 256 63 155 194 234 149 59 221 242 54 203 16 398 61 169 49 73 378 402 449 325 230 176 4 180 51 202 450 102 108 23 281 365 375 101 121 352 159 382 113 92 153 392 246 134 212 43 253 137 205 127 139 384 400 138 160 118 279 11 197 207 388 50 14 20 141 64 115 84 129 391 93 171 95 131 77 35 232 156 143 68 349 17 32 282 157 60 123 45 196 98 34 147 215 19 218 229 284 148 199 70 130 7 217 303 344 116 53 120 83 62 1 448 142 335 48 175 249 74 31 119 306 395 272 132 146 437 319 3 111 397 37 90 296 126 408 150 301 125 277 52 152 122 334 447 112 435 107 106 193 346 291 110 21 187 41 144 361 251 239 42 128 228 79 225 263
Case #52: Yes
51 71 1 207 44 2 154 108 417 7 167 390 83 220 331 155 18 374 303 190 361 20 50 25 358 86 396 213 4 322 340 378 441 402 193 285 37 15 32 8 399 9 272 17 376 94 351 308 438 6 203 276 139 29 41 403 3 298 43 33 392 39 398 245 191 295 271 284 354 10 253 231 65 141 161 87 151 45 382 60 430 380 192 287 270 5 391 53 204 258 66 47 411 12 344 118 56 255 320 49 314 230 22 57 16 58 59 36 412 126 370 35 424 61 26 202 164 30 107 368 379 262 68 109 70 72 277 92 46 31 435 168 64 73 307 78 311 101 11 206 91 252 254 27 330 194 405 102 38 132 52 305 19 450 315 74 69 422 23 383 350 267 186 55 153 281 269 28 185 367 229 265 408 34 175 120 222 319 301 40 75 88 62 183 416 200 48 201 288 449 373 42 335 130 97 24 110 214 169 420 13 21 54 124 67 442 128 127 297 431 244 95 404 443 14 63 90
Case #53: Yes
200 2 389 479 21 224 138 383 26 6 328 8 9 10 376 11 14 17 289 143 22 151 18 183 33 31 34 36 96 39 385 30 43 45 48 489 206 51 55 58 465 61 63 345 68 62 351 70 381 72 73 74 77 80 82 370 66 84 76 86 13 87 88 264 173 90 91 92 94 95 484 19 303 374 97 75 156 103 104 106 107 110 111 114 115 212 109 117 196 120 467 38 40 341 427 127 214 477 195 128 42 431 193 457 414 116 131 262 133 494 226 160 234 98 141 229 140 142 145 148 37 149 429 463 346 29 52 65 172 476 4 67 239 154 85 222 25 89 118 260 168 325 157 129 495 23 492 163 382 309 165 5 135 298 167 205 170 220 54 153 177 412 102 293 126 28 50 191 69 179 180 99 59 136 242 100 27 311 1 134 184 279 78 207 238 113 350 339 186 313 162 300 332 388 93 112 450 35 47 390 49 119 147 486 417 79 64 174 188 137 189 169 285 121 101 15 192 459 194 354 197 181 371 158 295 150 187 20 270 230 199 185 406 164 176 105 203 155 208 44 3 472 146 24 122 159 209 152 71 12 171 375 210 244 178 190 451 125 423 161 248 213 124 401 175 144 16 132 108 204 387 32 53 261 46 331 81 83 359 123 198 211 41 60 493 215 201 166 139 7 490 56 202 182 344 478 130 57
Case #54: Yes
2 38 337 254 210 22 5 366 272 431 10 87 267 221 13 361 157 84 258 51 118 495 478 101 273 406 300 245 227 429 372 209 59 391 200 298 232 247 492 138 89 380 378 29 30 174 33 239 242 456 262 50 43 39 70 307 45 166 474 148 266 308 189 358 433 500 234 341 11 54 493 368 179 61 12 329 155 363 411 36 17 294 470 24 400 48 328 136 34 9 128 65 66 40 202 63 145 69 16 15 114 306 74 1 394 303 277 442 490 228 72 86 8 37 383 384 261 451 381 52 265 346 77 133 415 18 56 171 226 219 357 280 318 90 454 97 395 106 80 170 31 35 397 88 58 257 402 365 91 104 47 163 4 498 93 487 353 83 64 6 71 27 208 73 3 99 471 199 393 360 390 75 428 421 379 488 345 147 125 463 100 457 459 297 109 81 108 110 32 310 132 96 324 356 60 416 443 410 134 68 150 268 124 434 418 130 115 278 439 25 49 486 149 316 26 102 112 127 225 447 399 224 113 485 116 28 186 122 46 195 55 305 494 376 255 489 44 153 333 452 107 94 355 21 193 95 98 105 42 123 326 491 161 484 82 119 364 103 302 271 23 222 196 79 19 76 41 117 252 57 436 203 62 408 7 78 92 67 466 385 85 291 350 143 450 496 14 401 20 387 120 362 53 389 288 111 462
Case #55: Yes
169 255 157 190 145 98 3 291 329 317 6 9 67 18 20 22 326 298 26 30 323 31 23 287 386 422 472 442 414 36 37 39 41 297 270 50 102 188 73 376 40 310 114 197 154 238 87 59 353 395 458 144 236 63 473 273 350 160 217 72 71 74 76 12 61 70 78 256 281 275 83 47 475 121 2 84 86 162 221 164 106 1 35 90 56 92 96 133 34 81 100 314 192 103 409 104 11 300 424 306 25 80 259 105 8 107 408 108 5 55 111 183 77 10 116 213 57 27 172 479 123 62 340 33 42 97 88 48 99 264 278 89 126 128 130 430 135 109 13 429 131 283 68 134 117 66 170 222 138 124 299 339 312 253 235 362 266 396 91 147 140 453 348 464 79 385 24 452 46 115 394 440 45 155 150 85 284 324 159 146 441 469 14 182 200 153 95 294 44 462 463 161 53 119 17 51 101 38 54 224 64 21 356 347 165 445 148 212 167 446 168 372 19 149 110 173 163 16 137 230 151 176 177 65 260 365 82 171 332 158 363 166 43 113 336 478 438 120 122 178 175 244 29 49 93 303 313 174 382 423 127 142 443 179 431 389 180 268 94 4 112 69 60 269 7 28 32 118 143 125 459 156 401 141 184 52 185 136 321 139 75 58 132 388 152 342 181 15 246 129 240 315 434
Case #56: Yes
1 132 431 403 4 429 5 6 424 7 145 9 230 498 439 47 11 209 445 17 18 443 20 19 26 255 293 200 30 367 33 82 3 101 202 417 141 328 97 272 10 25 36 42 478 45 379 46 292 301 50 493 377 74 474 462 483 155 356 53 87 56 342 57 397 257 343 39 244 62 442 63 103 64 29 303 268 352 48 22 380 67 60 121 99 360 35 73 277 78 436 84 454 70 86 243 89 482 93 494 208 137 426 100 95 162 386 357 102 130 253 138 28 21 322 32 77 104 108 285 222 112 91 54 13 105 365 115 88 490 389 134 252 249 451 81 117 154 59 446 23 61 318 250 296 124 120 194 267 475 421 122 213 178 278 407 458 72 430 127 129 8 27 131 133 68 135 412 143 144 31 118 193 38 148 12 40 229 83 41 142 373 146 55 236 43 98 52 245 441 248 150 24 96 376 15 175 2 158 51 136 263 44 76 256 92 312 58 85 488 107 109 139 378 66 153 140 169 497 157 346 116 110 170 184 14 290 123 487 172 351 237 384 126 106 16 160 281 473 65 345 167 119 79 291 125 151 75 152 111 242 174 408 161 90 159 94 321 69 34 192 80 49 149 496 173 361 163 128 362 295 113 463 273 71 427 241 156 147 114 37 324 432 185 375 164 393
Case #57: Yes
81 2 221 45 5 6 384 258 4 299 7 159 8 3 274 246 157 202 357 216 262 9 10 46 11 365 12 363 377 1 13 382 143
Case #58: Yes
396 226 176 1 2 355 6 8 9 482 7 222 78 359 17 410 256 23 24 397 369 26 27 33 285 97 39 41 4 44 45 12 206 485 28 471 161 48 30 49 35 268 492 51 53 166 66 71 63 16 65 21 490 337 70 77 79 81 56 86 87 211 90 92 308 93 138 94 19 240 345 193 98 25 72 274 217 102 104 105 64 465 129 36 230 412 55 100 497 111 152 113 118 120 123 263 114 380 42 333 158 50 116 46 128 130 234 312 330 127 75 134 170 137 110 108 96 119 228 142 460 143 146 418 349 148 150 153 15 133 154 156 76 216 476 463 185 265 400 322 160 488 83 203 126 163 135 34 47 74 168 43 164 171 89 348 29 125 112 165 131 58 416 172 173 395 91 109 139 232 175 62 207 179 67 13 52 149 182 437 184 187 421 493 22 178 103 404 331 462 192 430 10 147 219 183 20 320 32 194 195 197 140 88 199 353 5 3 162 290 229 136 121 80 61 245 177 106 303 68 151 174 262 235 398 188 124 18 375 328 200 107 321 286 190 14 95 159 319 59 169 180 201 167 85 54 82 204 260 358 40 69 205 101 208 99 145 57 484 231 247 132 115 141 417 284 253 189 186 209 155 38 352 341 84 196 31 60 487 393 181 73 293 486 144 298 157 210 37 191 198 202 243 11 212 117 442 122
Case #59: Yes
1 2 10 3 20 21
Case #60: Yes
2 3 1 6 4 5
Case #61: Yes
82 425 3 374 22 32 336 395 8 342 141 414 17 409 246 321 24 41 217 11 430 4 31 49 9 58 35 38 309 173 458 40 43 260 26 10 469 93 311 51 52 53 48 12 418 189 36 251 56 60 218 62 170 64 341 164 67 115 274 69 303 161 361 91 100 70 187 157 282 78 281 6 243 80 210 363 369 447 84 172 73 166 7 472 14 88 92 396 286 323 116 96 197 439 74 283 376 97 61 99 118 94 250 5 463 122 103 457 206 18 308 297 105 244 224 229 238 110 338 111 452 112 368 44 114 124 87 370 149 407 456 154 98 438 417 343 1 253 145 50 392 349 411 55 127 221 345 271 130 65 79 416 134 373 214 450 34 167 179 37 193 21 47 138 119 467 139 146 101 168 128 152 15 290 451 143 464 144 329 401 257 162 269 148 358 28 150 352 2 199 153 126 109 136 39 461 248 30 213 133 131 151 156 459 404 81 117 46 86 23 83 147 227 420 57 142 159 113 123 371 169 29 19 140 315 239 280 202 270 63 408 89 314 121 45 42 125 180 20 465 13 356 178 108 120 155 209 59 204 228 171 174 158 477 175 135 33 85 470 359 391 354 137 27 76 25 448 95 177 75 196 104 102 160 71 68 332 106 176 444 275 72 132 54 129 165 77 357 242 107 421 200 163 433 16 90 66
Case #62: Yes
169 209 3 6 12 13 301 20 210 22 243 188 213 89 217 272 173 42 44 29 50 302 9 51 59 23 255 64 67 71 72 276 183 76 149 79 56 115 151 19 84 159 235 10 63 203 193 14 91 93 25 165 96 102 16 224 107 110 112 83 214 118 283 33 78 125 252 129 28 131 133 138 202 239 139 141 142 34 215 143 134 161 145 36 85 17 43 185 156 35 162 167 160 263 180 124 158 150 146 240 171 174 2 177 304 58 90 170 55 182 190 32 99 194 70 270 45 197 26 294 303 179 201 127 154 204 275 126 175 199 80 268 207 81 53 164 24 88 212 219 236 208 132 186 266 220 163 262 230 49 54 244 246 227 192 30 157 140 57 97 264 113 5 237 128 1 74 105 211 241 153 65 248 103 120 250 253 116 247 257 92 191 40 114 258 245 119 265 144 251 238 123 242 226 100 82 195 95 271 225 130 232 298 273 86 234 27 285 61 200 223 279 41 73 218 205 98 281 172 267 260 4 87 256 259 166 11 282 261 106 135 184 198 46 62 176 77 18 147 104 121 75 137 111 181 286 228 155 108 289 288 292 284 31 269 66 7 8 278 249 221 117 216 168 94 15 109 206 39 196 60 280 38 122 69 37 48 293 101 136 152 187 231 68 299 52 222 178 254 21 287 233 189 47 274 291 229 148 290 277
Case #63: Yes
7 2 1 10 16 19 21
Case #64: Yes
1 3 5 7 9 11 13 301 15 17 19 21 23 25 27 29 31 33 35 37 39 41 43 12 10 45 47 49 51 53 55 30 57 59 52 61 63 65 60 67 69 71 73 75 77 79 81 83 85 87 89 91 93 95 97 99 101 103 105 44 107 109 84 14 111 113 6 104 16 115 117 119 302 121 46 123 125 127 129 8 131 133 135 137 118 74 128 139 34 141 90 143 145 147 149 151 138 153 155 98 88 157 159 161 163 165 167 62 169 171 173 130 175 177 179 181 183 166 92 185 187 189 134 170 191 193 195 144 162 197 199 148 172 36 114 124 201 146 203 168 205 207 120 209 211 210 213 215 217 4 156 48 164 202 219 122 136 221 208 223 225 500 72 20 227 229 231 233 24 235 237 239 216 82 241 230 243 206 245 247 249 196 251 234 253 2 255 150 174 126 38 116 246 232 200 78 257 64 259 261 40 248 178 263 262 66 265 258 186 28 267 254 269 76 242 198 271 86 142 273 252 160 220 50 32 68 140 110 266 236 250 275 274 182 276 158 190 277 279 281 212 283 94 154 224 228 285 58 112 260 226 54 218 268 102 222 26 192 100 244 214 287 96 152 264 289 22 176 180 291 184 280 293 80 70 188 106 270 286 238 288 18 56 294 108 272 282 284 204 290 240 42 292 132 295 296 278 194 256
Case #65: Yes
417 2 3 5 8 356 255 11 171 47 259 15 28 126 443 13 163 459 20 23 64 24 26 16 197 63 32 33 31 458 34 35 397 41 370 40 425 44 45 46 48 50 53 55 335 354 83 496 473 54 67 213 62 30 69 402 437 72 265 9 76 77 85 57 89 70 38 438 92 27 241 195 447 173 95 99 93 315 452 101 56 258 460 104 106 107 244 108 109 131 71 88 125 358 19 309 113 151 82 1 21 29 471 110 344 366 287 36 254 122 91 86 127 132 42 360 382 139 140 484 6 142 145 187 39 147 152 328 154 155 43 205 124 376 190 266 75 369 133 96 157 37 148 423 413 234 146 160 143 188 18 283 149 384 162 433 210 224 262 203 144 168 12 60 472 84 68 441 134 170 174 175 74 65 177 22 404 218 14 482 182 352 58 308 121 129 223 156 100 128 123 349 330 185 114 150 180 186 380 191 449 488 179 329 214 196 165 52 97 135 199 200 305 274 130 73 256 59 207 432 198 204 194 61 158 320 90 181 119 232 118 454 87 120 189 282 215 208 176 351 209 486 169 159 184 112 10 318 115 193 281 66 25 206 167 307 117 164 477 178 161 111 202 103 399 116 394 347 105 439 192 51 172 406 166 333 98 183 78 235 102 141 211 4 49 378 136 362 80 137 7 201 79 81 153 212 17 300 138 94
Case #66: Yes
368 333 6 363 308 150 189 154 41 124 198 380 318 9 14 18 291 330 331 286 21 24 221 25 26 27 28 274 89 324 320 13 371 301 273 249 30 12 82 284 78 304 290 387 143 345 332 211 374 128 3 247 268 4 129 35 43 120 42 45 186 156 17 164 265 51 243 47 102 49 63 53 57 52 239 5 65 61 58 168 139 67 64 68 36 59 69 8 246 70 72 297 337 76 343 226 86 200 87 94 100 179 269 104 165 335 341 33 117 103 375 148 222 298 178 31 108 110 382 167 145 223 227 224 353 113 235 138 385 314 123 296 216 81 44 98 381 311 340 378 74 96 342 259 109 7 251 122 126 80 133 351 55 135 34 360 60 215 312 350 114 287 177 16 88 159 54 275 191 317 244 50 56 91 280 252 111 245 71 323 141 105 20 292 347 144 256 127 299 326 131 90 19 365 257 101 373 258 329 29 37 149 22 151 155 158 366 15 23 207 121 182 97 132 118 1 369 281 32 95 130 152 205 162 66 334 125 384 40 38 46 163 233 75 79 11 271 137 201 142 112 278 277 83 262 107 217 303 134 188 173 306 339 176 106 146 270 170 153 84 77 116 92 85 241 230 48 180 267 115 160 161 99 2 288 166 250 119 147 39 140 157 255 192 364 175 172 171 181 62 174 169 264 10 73 283 325 93 136 212
Case #67: Yes
1 2 3 4 5 6 7 8 9 10 11 12 13 14 15 16 17 18 19 20 21 22 23 24 25 26 27 28 29 30 31 32 33 34 35 36 37 38 39 40 41 42 43 44 45 46 47 48 49 50 51 52 53 54 55 56 57 58 59 60 61 62 63 64 65 66 67 68 69 70 71 72 73 74 75 76 77 78 79 80 81 82 83 84 85 86 87 88 89 90 91 92 93 94 95 96 97 98 99 100 101 102 103 104 105 106 107 108 109 110 111 112 113 114 115 116 117 118 119 120 121 122 123 124 125 126 127 128 129 130 131 132 133 134 135 136 137 138 139 140 141 142 143 144 145 146 147 148 149 150 151 152 153 154 155 156 157 158 159 160 161 162 163 164 165 166 167 168 169 170 171 172 173 174 175 176 177 178 179 180 181 182 183 184 185 186 187 188 189 190 191 192 193 194 195 196 197 198 199 200 201 202 203 204 205 206 207 208 209 210 211 212 213 214 215 216 217 218 219 220 221 222 223 224 225 226 227 228 229 230 231 232 233 234 235 236 237 238 239 240 241 242 243 244 245 246 247 248 249 250 251 252 253 254 255 256 257 258 259 260 261 262 263 264 265 266 267 268 269 270 271 272 273 274 275 276 277 278 279 280 281 282 283 284 285 286 287 288 289 290 291 292 293 294 295 296 297 298 299
Case #68: Yes
442 187 213 2 285 344 4 39 7 225 121 123 277 448 104 10 399 109 299 16 18 74 19 439 303 150 124 388 263 251 360 300 143 38 27 28 29 8 30 32 337 33 222 400 282 198 36 274 498 317 9 328 13 17 476 245 340 22 278 3 44 45 411 404 254 50 137 386 51 306 52 53 97 320 37 78 189 362 309 235 417 458 63 61 436 66 133 145 68 346 116 62 69 162 48 77 301 14 81 406 57 72 495 336 265 88 499 89 90 92 275 500 54 43 409 93 100 414 70 96 402 59 102 49 447 206 103 368 71 111 112 46 126 118 418 31 329 361 339 47 464 294 120 84 242 117 142 413 125 128 205 307 305 130 83 311 284 132 20 11 378 113 91 461 171 98 119 208 172 122 67 138 267 134 474 210 131 214 237 435 12 444 1 42 147 101 314 65 26 369 40 148 75 115 456 351 107 207 6 424 184 176 380 23 99 64 106 196 356 82 149 79 389 139 141 353 5 114 383 105 158 482 156 281 157 58 94 392 34 166 381 249 325 348 468 370 256 457 110 472 73 95 159 199 338 85 391 446 324 202 127 41 76 155 86 280 55 151 21 374 477 153 160 129 60 135 25 192 140 35 169 486 195 154 410 161 217 80 240 152 87 186 170 15 146 136 226 144 437 108 216 264 401 315 212 480 56 258 24 197
Case #69: Yes
192 159 233 297 88 5 8 9 391 12 14 18 21 364 26 29 357 200 424 353 38 40 15 41 43 45 342 47 229 49 50 422 286 53 54 60 55 57 58 395 61 243 172 42 63 396 66 126 420 70 283 75 387 345 23 56 79 84 273 236 52 89 92 94 96 372 102 105 71 212 106 349 110 59 85 116 109 46 117 151 67 81 255 138 100 238 112 90 72 122 128 129 27 167 132 103 294 285 189 44 414 293 73 134 136 123 139 140 141 98 143 145 137 253 48 292 31 77 147 232 107 279 78 146 318 380 1 121 326 376 317 148 408 101 144 155 244 156 157 35 13 249 385 86 188 331 164 211 393 161 165 383 169 135 30 171 149 225 175 76 176 179 180 119 104 74 184 251 193 209 190 185 130 226 170 196 173 10 198 17 154 69 202 108 80 36 163 19 204 34 20 208 210 191 7 288 62 111 95 64 68 99 390 216 223 118 82 87 203 257 28 356 114 217 218 398 120 219 153 394 206 174 6 221 22 222 33 348 330 2 127 177 39 213 11 355 152 312 181 194 227 215 207 186 359 113 187 183 308 37 83 239 228 24 91 142 124 168 4 182 214 197 160 406 386 230 65 327 51 125 166 195 199 272 115 237 150 158 241 25 205 231 133 178 16 162 32 341 411 224 201 97 93 131 234 220 366 235 240 3
Case #70: Yes
352 1 2 4 324 249 153 182 13 176 405 16 18 341 281 98 26 27 29 128 35 77 40 152 415 382 44 136 255 66 354 120 242 86 323 50 169 222 42 345 48 168 448 289 52 53 3 25 56 326 47 7 41 59 21 411 34 283 297 37 64 69 38 23 68 335 315 332 189 321 254 45 271 74 75 78 80 392 84 11 88 121 90 138 366 63 236 89 173 437 92 93 95 377 108 246 96 421 248 257 39 160 278 433 159 102 227 106 124 32 105 179 109 360 389 94 125 14 290 148 97 110 43 346 403 203 201 305 99 223 115 87 119 82 445 112 191 65 406 361 123 198 126 235 175 431 155 356 137 116 49 83 15 413 107 294 355 135 55 226 131 122 402 336 54 146 211 196 139 140 351 31 36 374 417 435 386 183 259 216 383 262 104 156 22 73 302 353 233 30 301 111 426 149 70 129 127 393 166 151 143 150 71 210 117 118 9 404 5 221 8 62 24 230 154 310 245 28 234 141 334 100 284 280 130 200 142 46 132 380 76 401 158 369 161 188 224 241 60 432 347 57 81 418 163 17 165 67 447 19 399 85 225 329 12 368 157 6 180 287 145 436 10 33 171 20 79 91 103 162 61 244 113 164 101 358 51 385 371 167 144 286 367 114 328 185 147 170 134 72 172 133 381 192 320 425 339 58
Case #71: Yes
409 7 306 101 191 194 245 279 16 355 388 20 23 29 24 253 25 387 176 34 217 35 224 42 27 10 220 339 315 313 44 45 86 179 326 398 48 177 51 416 52 54 403 49 291 30 256 379 112 418 79 61 166 72 134 83 21 65 394 12 213 70 73 170 15 267 19 363 144 246 374 419 162 4 67 89 304 93 33 397 11 17 26 78 3 185 129 292 369 59 92 39 74 362 138 104 323 141 100 102 38 58 106 273 88 111 126 6 299 219 240 96 97 214 382 261 82 406 114 105 66 116 276 168 301 376 80 32 57 171 121 205 302 75 123 284 157 216 420 377 125 167 303 124 99 286 128 411 131 206 62 275 132 351 47 136 281 137 28 115 236 63 209 119 43 139 87 364 81 140 310 305 135 234 9 60 390 259 314 145 252 330 37 298 404 243 309 76 328 226 147 8 41 319 109 349 31 108 149 64 215 151 127 153 118 110 14 91 13 408 424 117 350 201 163 130 94 148 84 53 280 95 294 156 417 68 154 346 40 345 186 249 56 18 69 120 293 296 150 143 383 341 172 312 325 50 412 334 192 103 5 55 85 187 113 180 142 367 98 152 107 370 36 158 340 71 248 22 146 422 247 290 361 238 160 358 402 133 155 423 46 274 311 159 263 174 317 308 122 257 90 1 385 2 77 391
Case #72: Yes
2 257 383 377 3 334 97 5 246 206 6 391 70 10 250 11 113 436 211 66 288 463 35 381 13 262 15 303 16 333 405 119 464 60 99 22 433 111 472 478 86 480 423 469 266 84 44 421 263 76 186 17 110 430 175 479 178 290 417 154 443 323 434 256 318 87 171 450 31 25 404 265 219 32 373 418 356 37 39 419 40 190 153 294 34 41 224 387 271 414 214 248 395 164 50 79 51 191 492 287 346 52 281 197 55 28 118 374 415 115 402 325 12 268 59 272 316 227 221 57 460 106 366 65 354 407 53 355 68 413 416 368 47 142 360 376 69 36 385 112 408 49 420 23 116 8 208 487 454 225 379 390 370 331 71 136 457 149 424 205 398 159 367 77 283 462 33 54 9 182 467 30 82 81 343 83 486 7 280 328 216 90 342 218 279 88 89 94 388 358 91 371 26 18 426 422 48 295 141 300 132 352 45 95 220 242 477 317 476 63 232 311 439 46 93 56 494 20 148 42 143 425 437 273 213 104 75 497 309 350 64 446 58 473 129 193 96 396 329 156 73 67 14 29 255 4 21 384 488 74 491 432 101 72 203 260 92 274 296 24 445 80 61 163 456 102 475 62 38 172 411 278 1 27 188 441 144 243 362 258 314 78 326 98 319 85 43 19 338 100 207 103 173 241 444 249 140 179 226 187
Case #73: Yes
1 4 7 10 13 16 19 22 25 28 31 34 37 40 43 46 49 52 55 58 61 64 67 70 14 73 76 79 82 85 56 88 91 44 94 97 100 103 104 41 83 106 109 112 115 15 118 121 124 127 77 130 133 101 136 139 142 145 148 151 154 157 160 163 68 166 137 116 169 35 105 172 175 29 140 17 178 78 30 181 184 187 190 193 196 170 45 107 199 176 128 202 53 205 119 92 62 208 211 214 217 220 5 188 80 223 226 50 23 229 65 20 232 197 235 32 24 21 233 108 238 209 189 138 36 241 81 182 244 247 250 177 253 122 256 248 198 164 11 59 218 38 125 113 259 262 265 268 95 71 257 134 146 47 271 123 89 141 63 224 155 194 6 195 274 114 200 60 277 210 245 219 98 66 26 275 48 143 167 110 280 236 206 276 283 242 27 102 254 263 161 281 272 117 120 203 173 42 221 264 239 90 243 158 204 222 185 286 149 260 152 201 18 237 111 144 225 261 156 240 266 251 230 96 227 289 215 231 292 269 212 131 99 171 183 295 270 51 159 162 278 168 33 246 213 293 191 252 179 150 296 153 249 93 39 298 287 12 284 228 129 147 135 258 299 267 290 282 291 186 72 8 165 86 84 74 207 297 288 192 255 2 273 57 234 279 300 216 180 54 126 9 174 285 75 294 132 3 69 87
Case #74: Yes
74 360 343 226 236 6 355 130 133 141 148 11 190 13 24 341 19 78 86 76 58 126 358 234 282 9 26 255 127 7 332 29 134 168 36 301 249 170 39 82 42 288 196 175 353 322 45 359 50 280 363 228 52 209 155 151 54 279 369 197 17 334 64 153 67 51 321 68 112 63 62 94 107 70 75 32 298 72 251 205 80 4 345 211 184 244 367 212 117 277 119 124 260 210 241 144 41 33 290 35 292 90 352 149 172 199 79 316 98 225 263 96 116 286 268 159 44 100 147 99 73 3 207 178 40 18 331 278 265 202 198 109 27 59 326 138 48 154 203 105 122 53 69 142 131 291 2 46 271 231 348 329 132 300 165 145 83 97 102 118 15 23 85 181 125 232 219 325 81 146 65 95 220 264 103 30 114 31 77 276 22 143 49 92 333 10 266 88 323 104 285 176 156 305 157 177 340 28 284 161 158 166 372 186 171 1 84 115 221 139 163 160 257 120 162 135 274 93 324 38 215 311 248 337 129 164 16 60 200 71 91 351 182 140 34 106 101 14 320 304 113 239 150 295 110 310 21 57 8 223 61 152 254 123 336 204 242 37 273 366 25 43 312 194 187 89 128 308 56 293 87 230 339 342 55 335 121 224 137 47 5 289 12 299 247 136 261 20 243 66 108 174 216 373 111
Case #75: Yes
1 238 29 7 16 14 307 219 336 381 38 27 198 26 30 37 43 413 44 21 106 409 125 272 252 49 365 205 79 188 2 57 418 232 66 36 20 211 71 130 72 40 8 298 46 53 101 74 297 19 47 42 424 82 83 304 404 87 63 93 266 184 95 98 415 92 34 99 102 251 77 234 280 35 273 164 103 107 23 22 292 154 356 58 316 112 86 221 148 150 64 247 377 408 117 12 118 312 322 69 326 200 373 123 62 119 70 25 375 194 335 347 52 94 60 132 104 293 75 108 61 267 85 305 11 55 135 145 137 439 434 433 367 140 124 444 371 114 397 334 96 146 54 286 147 31 111 203 314 143 265 134 133 139 156 269 446 442 115 155 161 3 39 378 13 366 9 165 168 163 51 384 416 230 410 295 386 59 6 45 173 176 392 215 138 159 41 426 127 333 390 121 179 372 10 128 122 15 157 376 120 158 340 152 129 405 315 419 151 105 354 180 429 76 296 387 166 97 50 78 391 113 332 178 91 255 423 357 142 233 170 401 385 56 441 162 136 171 279 192 141 321 116 299 24 33 160 100 174 65 241 175 48 182 355 109 73 353 153 17 195 185 28 181 80 110 186 81 149 4 436 177 196 144 126 89 32 331 189 172 330 131 317 18 5 187 67 88 167 256 68 358 183 169 207 90 319 84 363
Case #76: Yes
1 481 233 7 8 472 10 26 27 11 489 14 154 16 459 98 18 15 22 109 500 317 456 315 374 28 193 30 155 19 33 34 35 394 160 370 41 42 218 45 48 208 396 122 6 326 79 54 20 479 245 312 44 59 61 62 112 36 67 21 69 386 72 76 77 242 78 82 84 88 143 278 90 305 92 292 466 189 103 104 106 108 115 445 117 66 53 118 81 85 239 120 410 269 435 165 436 121 417 450 119 31 125 126 127 96 38 130 5 47 80 101 129 430 97 486 313 4 133 135 60 110 107 369 70 257 429 93 138 139 474 169 56 142 144 99 371 146 266 111 427 116 148 50 83 52 214 150 448 39 392 372 380 128 137 335 124 157 159 55 24 161 25 145 162 136 176 357 253 206 64 17 71 444 3 163 152 123 151 295 437 454 74 167 231 171 184 499 273 276 175 177 323 13 73 178 441 181 434 105 140 210 113 49 241 319 166 384 51 194 153 89 94 100 183 453 2 168 185 447 174 419 279 400 458 187 173 199 408 402 58 297 37 483 87 308 29 32 170 68 179 91 23 102 156 114 131 158 12 270 188 180 389 260 406 368 385 9 339 164 86 75 449 141 467 46 465 149 186 201 190 172 405 40 132 147 191 223 43 277 65 63 95 57 134 182 446
Case #77: Yes
498 499 500 1 2
Case #78: Yes
103 191 8 9 10 11 272 15 18 19 69 21 23 428 276 31 238 165 483 32 398 33 34 116 437 45 349 343 14 51 52 53 58 323 310 38 117 59 92 96 478 80 62 409 445 56 65 7 68 351 70 263 74 314 76 424 84 85 289 86 88 93 411 361 241 87 101 486 82 291 112 95 438 365 450 335 47 220 104 251 257 71 286 113 72 63 267 253 115 281 434 12 477 124 393 20 129 131 182 35 342 27 25 122 98 49 140 123 264 41 154 500 135 136 402 142 149 144 146 155 156 66 370 43 329 114 461 432 148 39 150 496 307 26 153 24 81 180 132 60 259 185 261 28 451 73 157 79 127 159 375 417 145 106 202 489 338 317 61 30 118 322 54 44 147 474 137 467 158 164 309 237 110 354 22 169 100 233 97 177 308 480 240 50 77 208 187 133 55 390 186 6 462 385 473 2 1 109 171 426 397 347 128 167 36 175 312 176 4 295 464 266 94 302 179 359 48 5 178 16 196 57 181 64 170 119 134 201 46 108 120 174 40 294 17 183 105 91 89 340 173 168 418 442 278 218 151 160 75 262 78 162 234 229 346 283 143 111 341 67 107 3 254 90 152 328 121 138 386 29 350 228 336 161 99 37 472 440 166 141 172 126 189 102 469 441 125 42 139 188 221 285 13 163 184 130 83
Case #79: Yes
48 1 416 458 461 4 62 277 11 122 12 13 398 16 150 496 19 47 20 112 21 23 26 27 30 37 33 393 41 42 155 40 216 342 49 52 55 56 58 399 384 472 304 57 498 63 134 31 64 65 67 172 71 104 253 418 59 74 478 78 77 79 50 81 336 45 401 427 321 83 420 311 89 144 44 91 97 94 95 165 100 101 179 105 107 5 242 84 35 354 108 2 75 432 51 60 111 454 115 114 118 102 69 72 121 291 28 15 109 435 125 236 128 428 331 133 318 136 138 141 82 305 214 456 147 137 148 287 249 68 149 129 152 306 366 351 156 61 262 486 241 158 160 34 415 103 167 430 272 162 409 460 358 164 153 54 169 159 170 174 175 488 25 176 184 173 14 339 80 166 6 146 180 53 154 447 117 182 186 187 143 235 90 451 76 29 161 32 131 227 157 463 270 483 119 464 183 190 96 191 424 139 192 151 181 86 194 283 295 123 113 99 126 116 189 98 142 355 9 178 73 301 288 177 132 198 248 87 88 391 326 196 168 106 8 200 18 171 338 327 324 24 361 70 325 39 267 110 210 7 470 205 436 124 376 439 185 36 145 223 206 43 135 46 195 3 382 140 17 120 85 310 264 38 303 207 201 193 197 163 203 209 66 211 202 130 127 437 232 10 22 480 208 188 334 92 199 204 212 93
Case #80: Yes
151 69 4 6 259 10 201 12 14 127 120 227 20 22 456 221 88 157 26 27 18 217 29 147 31 32 35 83 37 248 403 485 41 43 370 21 366 426 397 113 68 45 46 3 44 487 249 96 51 55 56 317 62 78 461 30 67 197 71 326 398 219 262 386 337 77 260 79 58 80 82 84 52 331 106 90 415 358 145 350 429 94 224 97 189 5 451 312 87 436 193 16 99 492 25 65 103 483 242 73 86 449 95 251 108 467 110 170 444 469 220 112 114 109 289 379 280 428 284 139 118 121 105 48 234 479 192 123 294 50 125 267 223 47 146 384 115 138 464 92 66 155 128 124 199 70 19 181 307 372 282 167 101 133 427 439 387 164 435 407 216 273 57 117 34 321 61 100 1 188 268 393 135 111 136 437 270 140 104 357 137 132 283 141 367 134 374 89 191 15 76 75 93 63 423 102 98 313 470 361 144 290 275 149 174 476 153 2 382 85 207 184 369 412 54 416 195 129 24 406 158 179 39 462 159 161 40 341 148 166 383 292 7 116 430 8 49 347 246 344 446 408 160 126 296 266 362 13 17 130 177 342 152 59 64 473 131 459 36 316 107 42 333 81 74 150 72 119 165 53 23 394 143 38 163 243 28 256 162 9 180 142 265 33 371 122 238 154 198 156 91 168 247 60 441 480 402 11
Case #81: Yes
273 1 267 2 3 404 259 148 264 313 25 6 285 8 496 222 414 167 192 277 415 106 10 13 182 17 405 88 236 20 21 430 275 328 114 390 262 274 29 309 177 384 24 33 439 373 34 40 43 434 156 126 453 89 260 140 181 193 124 271 49 50 53 54 219 427 11 58 30 61 157 64 69 100 59 194 71 48 52 339 23 468 73 409 74 87 442 144 348 369 70 209 478 79 68 163 129 47 375 454 499 250 22 4 44 92 154 98 95 254 326 210 162 83 99 494 283 402 491 107 216 56 76 93 102 420 363 150 446 225 111 360 319 7 490 78 340 176 86 113 435 115 168 304 77 142 397 172 109 240 311 433 159 344 118 12 324 165 301 90 123 128 39 131 15 361 183 198 218 449 133 479 134 335 371 141 26 65 132 5 127 459 333 45 139 145 305 36 217 112 105 143 422 138 251 161 121 72 130 80 190 51 35 387 295 28 46 37 252 370 359 104 85 196 91 101 14 484 135 108 322 63 146 16 270 408 149 460 119 136 66 470 31 81 308 9 94 103 316 489 41 223 120 342 224 296 151 116 200 213 243 82 237 187 170 117 239 67 32 395 147 385 318 122 18 75 424 248 440 125 57 84 411 62 464 27 266 153 55 312 374 19 480 42 96 189 403 241 60 110 221 152 463 38 286 97 425 401 354 137
Case #82: Yes
213 432 169 1 3 375 434 111 9 12 94 309 138 458 325 249 18 98 250 123 329 21 120 22 357 363 125 23 26 421 188 34 19 134 245 24 437 33 447 97 35 38 226 411 355 500 39 40 202 14 146 44 453 175 107 176 483 45 47 380 307 490 27 17 480 292 476 49 283 50 52 54 379 143 56 63 121 86 60 61 209 53 83 368 64 13 77 100 5 285 193 413 408 66 71 382 28 441 65 405 293 465 354 239 370 59 272 116 2 371 348 82 84 237 477 210 220 451 81 225 487 99 112 117 406 85 486 433 216 495 410 87 92 4 51 388 496 381 222 326 313 214 366 420 42 217 263 48 57 91 473 449 41 8 284 106 137 191 78 197 212 108 88 80 179 460 265 229 79 154 303 75 383 114 288 122 392 118 372 68 102 378 11 119 343 481 273 95 223 419 36 150 227 221 424 158 339 489 29 153 218 442 113 110 127 414 282 30 340 395 152 37 69 6 174 183 142 484 185 70 15 211 105 159 132 55 7 184 129 362 62 130 76 198 472 373 319 115 168 128 162 126 131 10 58 20 90 186 73 72 124 387 450 101 93 46 96 459 436 385 157 67 103 89 205 31 243 74 32 401 260 255 367 324 104 234 259 461 377 423 201 135 254 133 25 43 464 276 253 402 478 457 494 482 16 337 136 109 310 161
Case #83: Yes
4 229 8 10 13 163 287 71 20 133 341 206 22 25 239 129 28 3 30 34 39 11 42 43 9 44 214 89 266 176 48 50 264 115 58 57 102 60 62 63 37 64 202 286 65 362 67 46 300 70 155 281 161 256 56 7 77 119 73 180 15 80 152 244 83 47 331 86 88 93 95 347 205 195 97 26 6 393 104 125 61 247 106 87 291 109 140 218 85 255 116 24 132 120 29 99 1 124 191 128 134 69 391 196 118 136 209 138 398 343 338 79 200 19 108 66 143 84 52 271 396 388 130 90 147 181 59 139 293 148 151 23 223 149 107 156 157 113 131 159 91 150 204 41 162 236 165 167 278 211 112 114 146 250 366 232 173 412 101 40 174 296 179 184 187 263 158 123 276 190 373 197 183 284 111 198 2 35 154 292 201 110 194 182 36 208 316 126 170 279 74 82 213 215 141 164 92 297 217 145 220 75 53 16 253 221 210 314 55 222 49 33 178 363 68 216 172 403 317 212 175 188 127 207 96 45 18 135 199 350 160 224 275 313 282 32 27 12 76 399 168 121 193 117 51 81 237 144 105 100 142 54 189 98 226 192 153 166 78 169 225 177 227 368 219 228 411 94 337 185 21 387 230 31 395 38 254 186 320 406 14 5 394 303 122 171 408 203 357 311 234 252 103 386 17 72 137
Case #84: Yes
456 1 168 217 197 390 36 8 273 115 392 117 14 15 9 332 17 483 496 351 18 400 178 248 20 295 87 24 411 233 122 26 68 286 12 394 69 192 297 224 95 22 210 82 35 167 38 108 124 270 149 40 30 221 58 41 43 44 230 10 46 445 152 59 368 51 162 327 261 55 341 447 423 401 62 33 114 63 283 100 366 47 199 255 65 66 71 442 73 500 324 80 7 31 72 28 146 499 27 49 330 321 182 209 450 386 158 172 371 355 487 410 147 278 123 307 441 53 90 319 424 373 67 169 488 88 432 103 138 39 256 474 97 91 391 48 305 461 125 104 166 175 200 358 249 446 81 193 101 140 204 328 309 335 383 52 484 214 56 380 77 348 96 364 112 106 385 83 458 110 61 107 111 257 60 120 289 137 352 435 85 2 148 128 479 189 495 485 218 427 79 75 89 191 369 25 322 116 78 229 21 350 32 3 54 451 326 482 472 170 118 346 306 134 130 186 94 436 497 129 302 426 92 225 452 102 98 16 235 11 254 13 126 76 241 357 212 422 113 109 331 453 150 5 203 37 251 74 57 42 201 388 234 50 183 70 45 4 121 6 132 395 29 174 64 378 398 34 131 184 157 93 105 238 298 387 23 244 478 250 127 443 84 119 475 337 253 323 284 339 139 220 99 86 223 281 173 19 144 374
Case #85: Yes
208 4 206 262 46 300 75 9 56 111 142 79 358 19 327 21 27 203 32 114 355 37 41 42 45 115 256 202 388 156 13 52 227 196 110 190 24 108 291 274 118 59 350 371 64 70 120 51 77 81 85 36 89 352 332 122 95 176 68 250 259 192 20 99 100 8 87 105 106 182 112 7 113 1 17 107 6 94 22 364 125 318 280 130 267 243 139 400 144 330 138 135 252 2 162 88 91 331 141 147 278 266 150 153 67 128 69 123 222 116 157 72 163 165 55 347 340 117 159 23 276 328 387 169 210 228 136 48 216 103 49 294 240 10 167 396 61 44 270 78 50 179 290 271 129 374 82 5 102 175 180 198 185 126 188 40 58 195 356 152 109 74 284 18 76 173 15 71 193 298 80 310 344 174 12 131 200 57 246 145 283 3 28 65 148 149 314 322 223 26 63 339 53 137 360 170 197 395 242 308 121 29 54 146 324 25 204 191 184 194 178 124 104 133 348 295 302 66 230 143 286 326 84 376 92 177 244 35 172 189 30 98 134 186 140 292 155 96 119 154 207 171 372 209 205 211 368 161 34 391 214 367 39 127 73 238 254 166 151 236 164 43 160 93 132 33 201 282 264 338 187 323 375 386 251 183 101 90 212 390 86 181 47 31 168 263 380 16 382 14 213 60 199 158 83 399 11 62 97 38
Case #86: Yes
1 2 3 494 122 257 314 5 94 66 306 191 14 17 18 20 9 22 25 413 381 329 8 12 27 28 204 32 34 391 35 223 182 39 263 338 43 44 36 21 49 51 54 358 248 411 57 40 16 236 103 60 11 63 277 226 65 300 396 232 69 87 339 326 241 7 385 56 312 72 220 420 184 75 76 333 244 492 483 82 84 166 45 140 90 89 403 328 167 96 99 215 254 46 228 383 468 104 53 227 10 187 110 112 160 289 379 393 395 115 79 116 266 107 111 61 230 100 118 373 64 114 37 126 42 431 470 331 131 130 307 108 361 24 283 286 178 119 29 101 489 357 95 93 294 127 138 102 285 134 143 59 366 78 91 141 145 133 148 362 302 123 407 290 463 152 146 154 427 429 6 157 275 129 19 125 163 156 58 377 392 120 67 469 159 355 13 33 459 165 500 476 256 260 170 301 121 153 147 222 92 139 171 164 186 169 71 272 15 173 438 132 98 150 176 447 179 425 68 212 162 136 142 282 183 359 297 50 151 74 30 175 246 486 106 135 408 410 180 208 177 109 144 88 185 31 137 281 375 449 335 26 498 48 280 70 477 41 188 117 190 174 149 330 124 85 189 433 77 52 38 62 192 128 113 372 155 172 80 441 158 496 83 97 73 105 23 495 181 47 4 81 168 55 86 161 340
Case #87: Yes
24 1 239 378 491 13 235 429 108 7 142 444 11 12 416 407 22 206 31 18 70 477 25 419 392 19 316 28 30 397 148 8 346 15 37 450 39 176 267 41 14 134 42 479 45 29 36 73 171 80 84 40 475 56 295 257 4 247 307 500 17 43 60 62 325 64 285 38 389 65 237 5 55 157 288 66 240 67 71 425 218 214 61 78 95 373 243 58 83 281 215 160 207 225 434 88 177 330 313 383 81 89 51 54 92 182 69 338 94 97 193 347 376 100 385 411 102 104 138 106 329 93 489 96 149 321 9 216 111 490 292 173 437 377 121 105 153 63 246 178 33 114 118 221 339 120 202 395 164 3 144 123 124 222 194 181 180 151 463 272 470 315 23 113 131 337 130 136 103 82 115 348 455 365 122 135 242 145 21 77 469 394 132 87 68 90 129 85 147 150 48 155 266 158 143 47 201 212 101 265 125 435 327 223 32 499 159 183 126 99 271 252 161 379 369 112 462 200 35 116 133 420 6 162 154 326 74 141 484 152 232 91 318 46 128 388 76 304 139 165 400 10 98 156 166 49 305 137 478 20 79 167 354 57 350 109 421 413 342 424 443 119 16 169 456 53 86 26 430 34 186 110 483 168 195 117 163 349 467 75 44 127 107 320 2 140 196 72 254 468 213 174 269 27 203 52 146 59 241 50
Case #88: Yes
1 3 2 4 202 5 208 7 111 38 6 387 8 92 140 24 9 35 214 10
Case #89: Yes
433 51 73 6 413 102 7 10 338 197 18 21 24 268 26 145 70 432 372 28 30 108 33 36 357 431 186 39 40 43 45 50 242 303 34 285 153 87 54 312 292 60 400 52 62 63 64 65 67 69 25 171 71 218 77 38 442 35 425 84 47 309 90 180 93 94 95 81 98 12 428 436 101 334 360 14 117 109 110 112 23 19 314 405 119 439 124 123 159 79 388 162 396 46 128 384 2 279 342 134 261 136 332 139 333 154 419 271 185 137 141 142 13 122 114 306 144 366 148 221 149 104 152 157 160 158 15 78 447 80 100 107 96 166 126 48 258 350 315 150 167 82 130 97 88 169 170 193 175 27 68 364 177 91 412 399 164 146 203 49 4 111 260 220 31 294 240 103 83 337 251 155 248 368 9 92 125 392 188 138 189 414 190 192 165 120 133 445 173 187 371 235 183 106 196 174 5 22 58 135 66 230 11 16 234 184 44 331 438 201 267 143 202 147 361 179 348 353 194 323 168 29 206 76 72 118 86 113 387 208 199 74 380 237 99 191 383 308 163 57 246 211 161 17 200 311 140 3 182 209 207 37 61 156 129 89 42 213 132 210 176 55 85 198 378 214 131 195 115 41 320 216 181 105 151 8 178 53 20 32 59 278 127 1 205 75 121 329 212 365 172 56 330 344 215 116 430 204
Case #90: Yes
2 231 8 11 14 17 97 20 21 98 23 197 29 39 30 32 249 201 252 26 33 35 89 38 41 34 43 235 49 51 403 54 55 57 60 61 62 63 64 67 336 305 87 73 257 74 344 71 80 293 84 5 45 86 250 90 95 96 99 83 93 42 102 104 124 327 182 28 109 25 110 383 112 15 114 373 6 81 116 357 119 122 314 194 380 47 131 126 253 354 262 85 9 217 386 298 134 277 140 330 245 115 143 144 145 132 147 118 79 101 148 50 311 149 203 133 394 152 121 113 367 321 224 158 160 161 68 214 337 154 3 163 19 52 246 165 167 37 7 107 169 130 136 222 77 173 175 178 181 150 183 128 188 108 189 100 4 302 295 139 193 196 199 195 315 75 137 92 153 200 105 398 141 402 129 171 127 179 207 210 88 24 78 82 212 123 138 371 215 219 46 91 216 312 164 404 170 221 76 209 176 187 48 58 10 120 198 117 230 155 211 226 400 157 227 94 208 228 18 229 232 360 166 103 206 237 234 281 309 53 218 16 236 13 162 238 146 220 135 168 205 268 242 31 66 213 192 346 174 184 151 1 186 190 180 125 70 239 142 12 65 343 256 159 22 44 322 106 225 240 172 204 36 111 391 177 59 365 69 223 40 260 241 202 233 191 72 243 185 56 156 27
Case #91: Yes
1 2 7 3 8
Case #92: Yes
51 2 188 5 6 31 4 7 89 15 214 90 17 181 8 10 178 62 39 184 88 204 22 140 126 199 1 118 25 49 127 218 30 108 57 14 9 206 20 84 170 50 18 68 207 102 106 185 19 130 161 34 179 21 93 71 200 74 3 12 11 54 142 123 211 213 16 13
Case #93: Yes
478 407 4 271 168 480 5 330 90 96 141 499 10 88 12 150 462 449 56 44 20 21 365 302 25 417 179 198 351 490 400 412 99 28 48 270 360 34 33 36 376 296 42 315 8 249 83 337 50 309 53 460 24 46 342 59 399 61 54 362 145 1 29 63 189 143 43 324 89 282 453 226 356 372 73 328 75 112 32 382 142 79 80 119 23 484 121 84 305 133 495 184 427 82 91 238 93 392 66 307 228 113 193 58 414 14 22 204 493 373 70 97 153 103 425 68 39 447 288 105 18 357 475 107 108 159 264 212 109 110 459 206 37 111 74 292 359 419 273 114 424 354 383 258 64 77 81 76 479 65 30 9 285 195 367 191 38 408 199 497 71 180 161 237 27 117 377 369 260 120 395 163 15 2 494 122 52 94 124 156 242 92 6 125 126 439 352 17 256 420 86 128 436 104 275 101 87 485 3 19 95 154 60 325 140 333 149 361 72 406 98 225 487 239 320 134 151 194 464 136 432 491 144 402 146 7 371 188 35 336 118 127 496 458 131 132 106 31 401 387 51 11 291 303 102 123 45 47 227 350 147 13 49 231 40 78 213 183 218 157 384 85 214 41 430 55 137 26 489 100 345 69 243 234 339 454 405 366 219 138 130 67 267 62 286 139 398 116 313 129 115 375 160 346 247 57 16 196 135 298
Case #94: Yes
1 2 3 4 5
Case #95: Yes
422 125 264 10 73 31 393 12 318 1 4 15 356 175 361 19 20 21 25 96 242 30 486 399 383 37 39 104 5 228 336 42 43 44 365 227 276 296 46 92 217 240 50 294 165 127 320 352 239 382 52 56 53 17 259 75 367 249 84 40 61 67 470 22 69 71 45 76 182 77 448 122 78 359 220 163 80 425 85 86 24 49 329 81 241 150 436 88 35 16 258 93 113 94 95 6 98 55 27 363 100 103 23 106 28 108 395 449 384 128 7 200 135 117 109 48 82 112 116 115 57 174 312 47 291 488 224 136 333 260 121 79 41 124 119 414 309 349 126 225 129 90 99 97 434 321 252 167 29 233 279 435 130 284 131 391 416 105 132 374 140 141 463 13 87 143 481 120 269 430 134 173 301 155 263 176 334 145 36 305 70 148 8 274 32 14 315 438 297 72 453 114 123 196 394 451 210 495 221 373 137 483 139 3 327 149 83 152 51 358 408 66 480 409 471 144 107 307 59 308 138 445 476 317 387 236 183 9 74 154 101 147 133 319 110 156 62 153 2 157 63 65 189 216 328 246 146 286 158 250 295 397 265 278 151 331 428 159 256 54 292 164 484 118 161 160 169 33 380 166 162 64 38 26 198 468 68 185 396 195 11 375 209 170 142 58 60 91 168 353 111 102 386 300 89 34 18
Case #96: Yes
2 75 62 3 41 55 339 185 183 4 5 199 77 271 11 12 225 1 26 30 32 56 350 33 34 258 42 205 187 44 13 165 276 48 115 49 53 57 54 58 21 316 59 66 67 20 71 197 14 79 38 18 275 82 326 83 188 182 317 162 9 22 35 91 63 92 97 99 101 102 84 127 106 64 107 233 111 228 61 60 117 119 37 291 124 145 126 128 130 133 88 164 288 259 46 90 138 110 141 69 193 143 234 178 52 98 17 151 50 155 208 161 76 112 169 272 170 116 171 27 139 168 172 118 158 174 181 134 245 192 6 190 200 321 153 96 201 261 100 203 167 45 269 198 104 132 152 309 65 142 43 264 81 176 89 131 86 209 144 211 212 149 213 217 218 220 335 68 114 214 223 226 242 194 148 227 229 232 123 47 240 39 180 150 243 224 113 221 195 236 325 191 334 327 206 121 129 154 215 210 304 10 184 207 249 103 251 36 93 257 29 173 19 241 204 267 159 239 95 300 252 175 219 40 135 146 253 156 320 247 120 282 256 230 105 262 265 254 340 122 222 16 279 338 189 140 231 87 7 72 177 94 160 336 244 137 166 108 260 263 25 299 31 24 255 250 74 186 28 147 157 202 78 73 163 341 23 237 51 235 85 301 349 136 80 109 179 343 246 125 15 266 8 238 196 216 70 324 248 285
Case #97: Yes
4 1 2 3 5
Case #98: Yes
42 4 231 472 115 425 7 82 217 180 94 11 395 16 192 3 140 25 24 29 49 227 33 152 145 36 35 122 278 252 250 257 39 41 43 12 45 462 48 420 430 371 409 80 299 210 360 381 283 52 27 460 44 37 17 53 133 287 55 271 350 59 483 201 87 65 138 56 418 325 91 339 98 411 84 18 108 26 103 47 67 68 131 194 376 76 77 416 259 75 182 81 367 427 154 432 101 301 83 423 208 38 458 88 28 187 378 71 273 62 168 30 74 51 264 58 224 90 46 69 8 10 280 334 161 266 383 355 297 238 488 245 85 397 1 357 14 60 220 213 229 23 5 2 390 497 73 173 171 96 255 222 455 248 413 54 31 290 66 63 117 236 329 276 486 150 446 32 369 479 64 78 13 126 6 241 294 119 15 92 469 57 441 95 206 50 19 453 444 9 124 159 72 89 93 203 86 20 61 34 21 451 40 495 346 79 385 143 70 22 318 311 315
Case #99: Yes
2 234 48 312 5 275 329 335 7 357 265 276 419 334 50 310 175 356 336 491 19 12 21 25 28 244 300 339 484 54 248 350 23 178 243 32 278 47 415 183 156 4 162 33 220 38 296 40 44 411 101 418 215 49 237 53 479 70 467 31 338 56 36 473 71 416 145 39 361 62 65 64 279 189 442 238 251 66 13 139 74 476 174 324 288 218 72 448 214 73 382 75 20 77 78 79 58 254 277 242 60 319 35 81 83 80 41 261 84 61 326 26 368 372 201 90 142 386 432 127 289 92 93 98 138 351 94 123 91 37 264 117 132 303 187 360 1 102 208 283 103 85 51 46 192 362 8 216 9 63 105 76 95 322 315 17 106 24 180 143 107 173 407 421 472 478 403 318 379 232 164 393 111 16 113 55 69 88 425 266 42 200 159 99 281 59 495 112 272 480 299 128 118 68 108 177 440 193 15 231 120 96 11 30 170 125 126 18 331 451 133 295 27 109 161 114 224 348 130 453 321 82 97 22 239 437 365 122 205 110 434 129 298 86 487 45 256 89 67 136 124 115 135 285 341 100 489 420 375 29 169 10 104 43 447 485 57 374 439 430 186 131 6 391 52 260 457 314 327 116 134 345 34 121 227 141 438 294 400 280 377 14 197 158 87 230 185 137 119 140 3 414 471 247 290 452
Case #100: Yes
340 367 405 446 106 109 222 300 3 238 96 43 257 276 444 1 34 134 5 469 9 80 387 10 168 46 81 223 237 158 454 6 205 7 2 103 362 8 236 4 295
Case #101: Yes
1 40 5 192 196 105 136 247 22 177 27 134 34 38 184 44 205 292 216 52 120 60 28 65 259 296 280 79 131 91 110 124 82 95 97 126 25 106 108 253 224 7 115 117 141 119 122 129 33 59 276 83 42 138 99 130 270 244 116 57 158 92 164 67 273 183 230 187 58 170 66 204 143 209 21 212 218 41 43 201 221 198 228 156 232 219 241 3 121 88 255 100 243 249 194 293 297 150 245 176 125 73 254 207 161 263 144 208 240 31 4 172 268 171 257 87 189 8 166 70 98 274 165 202 246 279 225 112 283 277 159 93 239 128 260 118 264 54 17 210 294 145 11 233 256 26 174 20 251 113 15 111 148 179 46 284 86 180 140 231 248 242 96 181 30 175 223 45 269 281 262 56 2 288 29 123 35 103 13 234 69 10 47 160 153 104 169 139 235 72 109 51 89 77 299 76 48 19 190 193 114 295 101 39 237 167 142 14 75 220 23 286 9 157 149 252 178 151 168 55 50 278 200 80 282 226 90 49 186 152 238 275 61 188 185 81 135 132 211 94 272 182 127 68 102 173 24 298 71 155 195 154 162 53 191 199 6 16 258 197 18 32 265 229 227 12 250 267 285 213 290 74 289 146 133 147 222 37 236 203 84 215 36 62 64 291 266 206 163 85 63 107 287 78 217 137 271 301 261 214
Case #102: Yes
1 3 186 286 21 13 16 17 24 180 275 288 473 26 28 414 191 29 458 31 32 404 33 10 36 318 38 40 22 243 50 259 42 7 397 386 47 20 49 52 401 53 46 169 54 56 495 57 58 59 9 61 62 64 65 73 68 45 69 71 72 75 67 301 149 78 2 413 325 406 213 411 334 88 90 66 95 44 34 279 35 219 298 74 231 5 402 440 43 328 104 106 110 340 98 113 101 112 314 317 116 353 80 229 119 121 76 99 481 122 87 125 280 100 429 251 126 19 27 128 81 144 258 131 133 136 162 380 137 118 316 352 205 291 132 92 273 456 123 115 225 141 173 212 244 120 138 143 376 25 145 496 124 262 147 96 150 152 358 153 253 271 425 155 111 416 460 109 158 48 248 238 455 127 161 189 148 300 159 160 439 203 41 405 163 448 6 167 335 108 117 142 156 172 139 282 82 399 14 363 179 182 364 11 63 103 37 91 84 85 449 303 351 347 394 39 184 433 60 130 247 266 277 70 462 154 171 378 8 220 287 181 226 4 195 157 170 228 129 382 107 83 206 178 468 102 105 403 415 97 499 114 140 168 333 183 86 489 187 166 134 94 295 174 51 434 436 93 165 135 217 175 164 207 188 12 79 185 306 176 55 190 452 177 192 89 23 77 15 30 365 151 18 202 146
Case #103: Yes
1 3 176 179 486 10 14 16 329 17 396 13 32 57 461 366 2 315 211 297 199 472 309 23 25 27 29 349 414 283 31 440 225 395 35 247 39 41 43 46 208 49 334 389 50 135 378 287 37 457 328 302 59 65 67 55 327 69 8 473 425 76 54 79 36 129 82 84 86 133 110 172 427 48 91 30 382 267 96 97 194 88 101 77 102 406 12 73 325 4 40 106 381 408 229 112 53 109 115 70 20 116 94 51 117 120 121 169 58 105 124 361 127 125 60 128 436 132 61 355 353 107 19 342 75 136 140 118 18 139 431 143 108 423 310 147 374 430 47 358 188 148 399 206 479 193 150 215 152 146 410 450 137 157 205 311 257 103 87 113 142 153 162 164 123 100 119 444 240 141 295 145 6 216 38 144 483 62 170 173 369 165 363 384 71 177 272 92 320 26 233 98 126 99 181 183 44 158 180 437 390 9 122 81 163 33 93 264 265 15 80 45 21 56 160 485 286 322 347 185 154 299 5 314 262 356 64 438 72 149 191 151 22 66 83 166 186 28 130 411 114 174 189 317 42 246 274 275 159 333 68 190 171 74 449 195 197 273 244 78 476 175 305 346 89 104 182 85 200 34 415 155 52 161 7 95 138 131 90 184 198 24 156 326 111 134 63 243 168 296 261 167 293 187 178 192 245 463 11 196
Case #104: Yes
80 305 3 264 6 18 10 11 332 254 13 86 426 23 471 253 411 17 88 20 90 24 133 28 30 243 33 120 109 54 38 40 321 389 269 373 396 48 51 298 331 55 58 338 340 217 62 222 63 64 66 68 49 71 73 74 162 8 46 77 79 413 350 214 85 89 81 43 35 70 75 91 9 36 93 204 52 61 390 431 95 99 67 100 47 102 367 104 364 107 42 110 111 112 113 114 97 117 119 96 180 128 7 125 129 130 333 41 132 37 118 134 138 405 140 141 329 382 238 39 143 466 147 148 283 115 84 149 393 349 239 151 154 368 25 76 165 21 323 108 157 341 353 32 1 155 53 160 308 122 166 50 278 15 169 145 172 135 178 176 179 241 14 144 177 395 182 465 185 175 447 72 372 173 197 227 167 123 404 161 163 446 435 170 78 302 189 101 94 153 5 326 193 191 464 121 228 183 195 184 131 116 251 344 200 192 190 105 59 286 203 383 2 245 196 12 488 201 483 87 207 92 462 208 319 152 127 83 266 209 171 156 150 158 168 296 124 57 98 376 139 103 106 210 16 27 29 472 342 194 60 159 220 142 260 456 56 164 362 375 82 202 358 352 187 246 137 482 186 174 256 181 4 31 199 65 34 211 146 26 69 126 44 45 206 218 257 188 212 22 198 136 205 19 213
Case #105: Yes
1 2 4 10 6 5 3 7 8 11 12 9
