Case #1: Yes
493 107 7 422 208 372 95 172 258 46 49 133 321 301 298 342 67 499 410 360 481 254 416 71 141 80 282 419 109 2 173 411 271 11 55 399 429 490 362 369 465 211 317 385 331 394 432 376 226 351 364 341 130 96 56 347 264 322 5 461 126 50 12 25 349 265 160 390 121 262 68 370 462 471 442 94 13 318 357 391 252 253 175 275 381 466 380 417 288 102 58 290 63 293 232 99 35 355 76 16 21 14 430 401 112 237 312 145 220 234 329 261 26 472 233 454 15 100 241 383 438 171 8 421 3 119 30 129 18 138 144 330 306 54 485 302 463 111 151 128 34 281 72 286 146 6 223 374 215 60 255 161 289 53 274 482 375 299 209 176 450 353 294 36 356 354 323 315 270 400 197 217 350 117 358 221 453 413 451 303 31 249 166 164 251 19 85 257 313 17 379 311 24 343 27 277 22 272 174 10 333 335 134 150 487 52 154 227 90 231 449 278 243 157 455 479 170 337 92 486 4 236 131 447 287 88 62 113 9 452 263 346 378 219 84 273 436 464 300 393 319 235 267 114 38 59 395 467 124 37 82 1 196 185 435 386 32 437 123 108 460 242 441 39 184 93 20 139 222 118 29 368 371 91 297 352 285 325 244 147 495 260 140 276 101 440 245 398 448 28 229 334 44 81 116 328 45 382 214 365
Case #2: Yes
1 2 500 3 4
Case #3: Yes
192 352 380 347 121 321 2 131 5 97 7 299 323 51 362 196 9 12 58 338 11 94 154 175 361 172 330 50 100 49 261 224 256 243 266 185 269 73 103 168 123 309 22 181 137 301 306 178 98 32 195 377 167 17 283 356 18 348 267 289 369 130 27 29 31 35 26 21 159 36 149 191 78 308 340 249 217 37 302 33 56 297 255 151 25 112 13 331 105 296 57 143 314 106 265 277 39 310 124 339 210 116 250 120 234 367 63 368 132 189 381 161 351 41 30 208 201 260 335 396 93 72 16 3 390 235 40 275 226 28 34 153 135 324 174 179 334 355 284 8 209 244 236 280 313 375 6 371 232 99 290 104 54 156 363 365 378 10 43 298 391 231 358 19 70 360 55 225 304 307 354 194 20 95 45 320 155 216 125 1 281 207 14 86 350 200 23 394 38 118 349 145 42 376 15 184 127 303 282 136 370 134 177 77 212 268 213 171 186 24 190 115 4
Case #4: Yes
244 394 44 344 126 68 204 396 1 245 3 395 205 69 167 2 83 36 355 246 365 4 18 343
Case #5: Yes
108 100 152 83 7 351 20 11 338 225 329 191 270 165 157 306 250 245 151 214 63 193 334 66 14 271 256 350 26 206 300 257 42 342 195 9 134 231 142 4 288 99 264 335 164 44 266 345 85 325 73 207 3 348 78 324 89 107 75 301 328 210 8 52 61 87 307 162 293 145 76 91 109 72 259 218 39 117 128 227 33 102 131 258 230 319 156 125 184 2 298 189 121 51 190 68 213 50 56 110 92 316 179 239 64 284 24 320 242 40 135 126 237 205 90 305 18 17 147 130 204 71 141 122 22 178 327 289 31 123 226 176 67 217 321 124 35 120 188 317 222 197 240 144 136 1 154 163 177 94 228 290 79 146 28 347 114 57 97 137 187 353 153 352 314 84 25 129 106 180 200 254 318 113 208 21 216 326 223 269 6 95 88 215 265 339 86 296 249 224 103 15 140 312 29 238 283 116 143 248 182 244 118 299 260 105 65 349 211 49 333 169 127 13 243 115 32 346 331 104 175 343 261 38 34 234 101 16 53 55 198 96 160 62 45 138 54 36 251 158 294 119 309 241 23 70 199 170 59 201 58 166 69 167 60 98 41 311 30 161 341 12 27 43 262 5 149 246 255 46 344 132 235 209 297 77 133 10 268 183 80 81 192 47 308 150 139 37 19 159 267 148 112 287 202 315 111
Case #6: Yes
1 2 3
Case #7: Yes
4 1 2 3 5 9 8 10
Case #8: Yes
209 341 14 162 154 419 133 123 157 78 28 255 217 367 381 268 216 200 26 313 388 316 95 202 423 22 405 428 310 58 76 289 286 50 459 175 374 323 321 5 47 449 425 237 156 139 347 291 276 174 404 90 171 187 79 188 331 77 41 232 127 122 351 1 38 412 386 273 222 51 372 329 436 129 368 182 413 21 206 272 214 35 172 197 362 179 119 82 444 292 448 349 208 166 360 295 312 387 183 259 340 87 260 73 234 269 384 457 8 104 199 43 20 98 305 284 332 432 344 371 346 244 410 198 253 350 12 263 365 246 439 254 356 426 330 108 418 406 132 185 16 29 210 328 397 249 195 251 106 380 296 66 383 37 6 55 221 417 85 158 49 231 120 159 10 304 111 89 163 19 124 126 170 161 382 68 24 142 235 3 143 48 9 258 450 430 186 401 228 324 99 112 150 42 376 335 353 23 370 109 320 88 285 69 140 402 373 94 420 144 30 39 40 7 355 83 325 364 443 282 462 343 361 13 134 148 337 114 205 36 93 311 4 224 201 437 184 240 103 32 131 96 431 322 60 53 207 227 31 357 72 33 247 274 252 213 54 137 167 354 17 245 100 146 196 375 348 65 138 56 164 45 275 440 352 219 336 125 84 15 211 2 463 278 152 395 266 267 128 315 67 326 223 359 264 218
Case #9: Yes
2 3 1 6 4 5
Case #10: Yes
1 2 3 4 5 6 7 8 9 10 11 12 13 14 15 16 17 18 19 20 21 22 23 24 25 26 27 28 29 30 31 32 33 34 35 36 37 38 39 40 41 42 43 44 45 46 47 48 49 50 51 52 53 54 55 56 57 58 59 60 61 62 63 64 65 66 67 68 69 70 71 72 73 74 75 76 77 78 79 80 81 82 83 84 85 86 87 88 89 90 91 92 93 94 95 96 97 98 99 100 101 102 103 104 105 106 107 108 109 110 111 112 113 114 115 116 117 118 119 120 121 122 123 124 125 126 127 128 129 130 131 132 133 134 135 136 137 138 139 140 141 142 143 144 145 146 147 148 149 150 151 152 153 154 155 156 157 158 159 160 161 162 163 164 165 166 167 168 169 170 171 172 173 174 175 176 177 178 179 180 181 182 183 184 185 186 187 188 189 190 191 192 193 194 195 196 197 198 199 200 201 202 203 204 205 206 207 208 209 210 211 212 213 214 215 216 217 218 219 220 221 222 223 224 225 226 227 228 229 230 231 232 233 234 235 236 237 238 239 240 241 242 243 244 245 246 247 248 249 250 251 252 253 254 255 256 257 258 259 260 261 262 263 264 265 266 267 268 269 270 271 272 273 274 275 276 277 278 279 280 281 282 283 284 285 286 287 288 289 290 291 292 293 294 295 296 297 298 299 300
Case #11: Yes
1 3 209 125 6 257 211 8 250 489 204 103 10 13 105 19 150 413 4 80 386 88 411 167 117 153 409 166 281 453 233 124 232 300 18 210 320 14 139 31 287 178 387 20 402 75 472 138 357 438 203 22 293 7 90 17 380 471 268 23 97 254 292 21 104 301 401 2 443 420 79 366 280 316 16 234 466 358 208 245 442 271 286 321 223 455 452 435 30 272 15 24 142 467 267 312 25 451 490 244 379 168 155 116 249 246 11 421 87 319 12 408 311 224 313 158 494 5 9 73 181 98
Case #12: Yes
364 268 459 399 259 5 252 461 31 426 143 228 133 428 103 262 163 22 118 311 353 356 460 201 350 15 416 284 456 154 10 218 363 36 19 401 6 257 248 55 140 445 45 162 345 26 58 7 490 108 149 455 114 255 397 427 385 180 20 306 488 196 81 394 21 43 338 372 138 480 408 18 277 497 212 86 386 193 166 223 246 3 409 463 17 377 64 27 141 134 321 298 318 8 323 57 326 158 178 245 197 369 271 91 124 34 477 97 251 358 479 198 169 440 139 54 74 411 217 402 327 32 12 210 237 125 168 14 23 382 239 80 226 267 359 371 400 316 296 395 50 29 47 355 150 462 194 88 274 126 483 354 484 373 439 329 165 492 116 200 144 41 16 307 431 404 305 189 448 35 100 151 420 25 117 315 38 204 51 295 113 433 496 230 52 46 299 452 123 398 325 375 2 319 414 322 89 304 419 94 279 11 418 191 30 127 231 96 37 286 156 281 106 90 478 9 314 73 60 276 442 328 24 181 320 195 247 406 443 65 211 172 99 61 4 451 272 331 222 261 136 378 67 337 115 332 273 310 474 486 229 317 405 159 380 59 28 48 467 75 413 471 83 434 40 256 238 224 498 275 270 339 13 1 336 209 177 468 481 39 173 109 473 95 110 374 66 227 205 421 206 263 213 396 472 430 104 407 258 491
Case #13: Yes
472 208 262 410 340 152 286 382 188 133 477 6 237 150 300 197 319 8 29 45 379 73 445 270 261 462 324 475 110 342 402 193 106 428 358 217 421 317 14 368 236 21 25 292 346 99 140 31 473 309 341 316 20 189 144 265 162 32 246 499 332 70 424 352 372 474 34 279 33 294 1 40 364 86 48 47 291 373 35 190 130 457 127 216 274 491 437 442 278 498 344 3 154 395 139 83 452 305 327 453 362 458 56 263 394 461 91 375 113 107 271 408 115 412 416 470 247 488 464 248 423 425 198 229 383 378 53 11 211 429 438 76 369 240 94 43 245 171 57 420 143 435 80 407 90 299 269 297 24 398 37 214 494 51 285 273 353 180 15 281 363 138 55 280 132 495 145 471 481 71 54 79 30 403 298 307 173 415 128 241 210 476 68 12 357 360 72 390 226 134 482 400 136 385 151 434 376 244 18 194 4 98 174 232 252 322 102 225 306 258 67 199 5 58 460 183 22 7 480 486 469 310 27 77 100 222 221 157 333 343 419 50 41 485 354 26 361 159 396 323 16 287 220 156 46 59 406 401 39 414 19 207 427 347 213 242 187 93 10 129 250 351 443 9 381 87 314 275 405 44 163 374 404 78 238 243 302 254 109 120 422 111 370 446 137 49 121 409 170 492 489 227 116 466 296 326 431 52
Case #14: Yes
481 275 221 320 132 3 183 139 12 230 14 379 351 421 77 404 19 21 216 24 308 91 479 62 298 27 287 168 484 242 303 255 391 203 433 6 17 129 131 185 29 32 217 179 485 34 57 247 224 108 380 196 477 76 33 98 280 376 397 469 143 37 319 262 35 424 44 236 39 266 75 222 36 68 321 46 313 49 137 161 284 478 314 20 265 25 48 8 54 110 58 396 18 65 15 249 467 69 277 79 486 342 55 135 291 456 334 81 85 386 237 204 26 450 263 87 157 278 43 74 244 257 254 59 92 142 423 385 120 360 101 136 409 155 457 67 299 64 218 23 286 463 94 175 50 10 2 70 96 156 66 276 45 318 1 368 419 158 102 238 104 227 47 300 195 435 30 149 73 442 53 60 346 52 109 408 403 80 317 124 106 240 187 111 201 483 162 258 78 336 443 113 333 28 100 468 332 97 167 90 82 115 307 5 290 138 114 88 103 369 252 370 41 411 63 390 184 99 31 417 147 148 241 130 174 264 246 250 119 38 372 231 117 121 169 86 61 122 84 202 11 9 377 118 93 16 95 22 146 316 381 239 125 126 116 189 359 40 392 345 451 127 56 112 51 271 283 452 331 272 337 253 350 225 462 465 83 341 107 288 470 219 13 72 105 7 226 178 267 412 251 301 281 328 220 405 42 4
Case #15: Yes
2 4 3 6 5
Case #16: Yes
211 189 250 135 332 320 301 382 115 253 40 329 363 402 327 352 288 265 46 409 235 90 194 226 12 208 44 457 359 77 237 257 172 14 345 18 182 78 3 193 326 180 380 435 186 282 170 43 467 69 277 93 58 107 21 206 339 360 364 23 335 203 13 458 28 97 190 252 468 95 227 101 333 143 491 407 19 35 251 179 197 368 437 426 316 264 325 307 381 27 484 68 354 268 9 108 104 31 234 36 269 50 169 32 415 42 259 283 300 396 184 109 22 89 124 417 420 261 482 37 16 188 38 148 71 424 485 338 53 367 55 295 60 79 47 144 452 461 423 121 129 2 369 8 398 271 201 416 217 114 411 85 66 84 273 15 96 451 39 298 287 387 73 65 475 296 34 389 322 86 321 340 202 63 26 75 130 113 48 449 57 492 52 156 67 100 460 136 10 342 158 24 74 263 383 56 6 341 270 334 310 33 400 233 308 413 489 196 478 311 76 11 229 428 168 422 344 403 231 432 51 62 198 117 353 123 441 126 228 178 328 80 384 490 276 254 438 7 41 98 210 216 448 25 379 425 255 54 5 399 127 125 166 49 191 317 481 187 286 173 378 64 183 29 61 59 388 299 258 370 474 312 81 99 373 442 285 236 406 30 20 377 429 477 421 318 72 17 149
Case #17: Yes
1 2 10 3 20 21
Case #18: Yes
326 494 8 420 277 224 249 120 240 74 1 71 183 176 72 214 385 382 18 96 472 213 330 144 50 370 116 125 84 482 456 243 463 31 245 22 4 272 415 117 111 390 158 2 10 130 426 131 47 68 469 75 86 351 367 238 66 27 12 410 112 20 227 430 160 366 345 51 356 155 209 335 13 85 486 459 33 424 460 3 223 208 53 368 325 308 333 43 70 295 493 254 78 389 429 293 136 42 297 35 173 492 289 166 342 362 491 37 451 49 437 282 45 358 281 274 458 194 422 232 204 425 357 118 54 212 361 7 113 489 350 63 280 88 147 56 307 5 283 253 376 64 19 58 34 32 303 379 38 17 291 93 354 405 215 332 378 60 11 442 413 189 179 257 441 135 167 40 200 15 156 57 419 262 124 59 316 16 421 461 306 73 97 175 225 104 408 152 55 250 375 477 191 455 447 101 65 394 416 318 196 184 143 216 310 457 304 41 83 488 339 411 499 364 340 148 498 474 236 327 6 24 484 301 172 452 284 69 299 217 414 481 21 177 331 46 137 181 61 444 77 377 436 435 228 386 427 29 471 393 52 233 203 260 373 36 404 383 450 409 371 231 273 153 193 190 433 82 276 468 162 487 87 161 230 171 201 336 100 235 462 94 244 443 187 302 199 239 449 261 44 25 434 81 309
Case #19: Yes
4 1 2 3 5 6 8 7
Case #20: Yes
255 254
Case #21: Yes
260 288 488 231 6 1 453 8 10 186 391 436 12 296 11 268 190 168 399 17 230 269 474 184 194 19 24 334 26 463 261 239 28 257 460 179 30 361 33 228 192 35 145 109 16 392 203 110 219 368 74 253 37 39 167 141 425 415 267 41 43 34 18 55 308 3 45 182 29 373 218 413 32 414 7 115 48 46 208 51 442 265 57 224 344 207 61 254 333 64 106 107 438 358 489 13 304 9 132 62 104 321 75 384 36 433 189 142 343 139 66 58 388 245 183 130 348 213 485 49 394 31 398 14 204 127 332 434 445 71 105 67 63 27 294 97 128 476 135 251 347 65 44 451 212 68 70 475 305 235 424 234 454 52 54 60 266 185 365 437 377 22 42 50 229 21 116 338 129 40 123 412 53 337 25 175 124 408 297 244 76 125 385 222 131 459 237 362 103 372 38 376 289 393 291 98 56 89 23 47 484 90 2 200 201 147 209 20 149 426 146 223 69 290 143 134 4 407 206 359 15 306 293 446 452 322 443 389
Case #22: Yes
44 213 53 125 1 321 5 461 30 229 147 75 448 223 7 9 128 108 345 103 286 459 288 21 263 496 27 78 401 365 54 383 455 291 417 252 57 64 121 16 32 4 322 325 181 34 31 140 68 40 46 176 37 364 389 50 168 59 61 129 403 62 160 466 231 290 167 2 65 228 116 73 71 326 11 438 416 296 406 328 114 82 47 418 259 142 435 49 285 113 84 495 52 51 264 456 437 269 220 42 135 359 159 86 123 494 88 367 60 420 72 90 146 358 172 161 187 117 26 379 94 95 476 230 295 20 343 188 302 484 193 261 109 441 14 339 458 13 342 163 434 83 80 66 98 353 3 122 23 419 25 421 377 19 337 100 287 101 89 402 99 48 440 348 335 180 152 12 492 304 134 45 105 91 474 485 143 35 346 110 349 43 186 118 8 87 126 96 192 465 274 279 130 462 119 244 137 393 329 369 415 382 151 63 338 275 243 38 165 334 268 368 191 237 449 423 144 28 390 104 10 138 392 424 56 350 115 278 460 155 39 251 209 136 76 141 33 178 6 303 354 405 67 85 256 106 112 148 79 156 330 363 468 41 235 55 74 211 18 145 255 97 169 154 234 185 58 81 22 221 170 422 182 214 173 133 69 111 29 174 372 371 222 385 260 157 240 149 467 124 127 131 361 93 24 210
Case #23: Yes
144 295 91 1 165 230 237 36 127 228 9 4 10 235 12 140 153 14 168 160 227 21 217 5 126 27 204 256 200 60 39 223 46 68 142 56 62 65 86 163 69 7 151 71 38 208 108 143 222 294 194 6 75 95 101 274 172 66 22 206 119 98 77 201 190 41 289 40 282 82 54 87 202 129 74 221 102 57 169 276 205 229 150 100 258 79 149 67 275 306 116 132 63 164 219 97 13 135 23 121 207 304 118 110 115 123 59 49 33 53 8 130 25 184 307 76 19 47 137 185 286 55 296 162 26 155 197 16 31 11 85 157 114 42 48 156 107 29 263 175 269 174 198 105 192 180 43 213 215 99 273 88 20 84 268 96 225 61 89 238 94 240 146 80 293 18 231 251 242 167 246 45 145 81 51 131 44 187 193 181 154 248 3 136 218 252 171 177 308 161 176 183 30 117 233 50 234 152 253 214 58 28 15 232 147 128 64 224 260 250 134 301 17 249 302 236 297 241 173 255 120 212 259 122 106 199 2 254 186 244 182 257 70 32 83 210 264 220 158 178 262 125 191 111 203 72 141 196 303 93 73 159 226 34 261 216 288 103 305 266 138 281 90 148 139 270 265 277 113 271 272 104 124 209 280 112 292 109 283 37 239 188 78 35 133 285 267 179 166 211 92 195 24 189 243 245 247 170 52 278
Case #24: Yes
47 71 225 388 147 21 148 2 386 250 69 312 390 374 399 307 110 151 4 6 454 81 407 261 247 376 20 465 380 97 9 13 130 169 15 338 475 122 92 303 14 341 285 245 495 104 249 273 256 98 279 210 141 284 431 291 183 280 406 347 379 215 100 17 333 83 480 202 35 174 311 10 38 494 155 102 78 461 168 1 443 41 487 44 201 301 23 269 451 350 219 354 266 149 319 241 40 453 322 216 8 101 243 255 170 370 375 232 176 334 476 355 398 55 331 260 366 48 458 93 50 11 378 82 326 389 327 68 314 468 121 77 330 52 410 45 240 287 185 5 3 39 94 58 416 171 60 267 62 31 348 49 163 125 24 12 335 145 479 471 114 70 194 337 33 306 154 356 43 264 142 382 391 108 281 7 324 320 433 470 442 357 56 135 396 172 310 26 342 286 457 109 136 263 220 196 424 105 37 113 129 184 371 489 413 124 22 115 164 449 412 488 276 467 302 54 211 365 72 195 381 270 46 28 64 446 414 288 428 87 187 224 63 227 65 106 179 492 339 486 466 277 415 32 67 175 432 123 16 25 18 59 173 395 36 53 298 427 349 27 42 364 228 323 315 292 226 111 34 30 19 57 485 221 61 128 181 385 236 86 491 186 178 29 272 445 51 144 423 325 251 313 131 383 126
Case #25: Yes
356 292 386 42 261 3 286 360 260 425 155 90 477 341 86 111 417 76 347 456 295 165 85 118 354 75 253 296 14 323 4 311 234 174 8 479 466 218 345 500 284 11 264 327 428 175 28 276 65 202 294 73 206 57 381 146 465 358 13 52 129 81 179 279 469 290 398 126 58 144 497 396 270 115 314 280 395 287 222 127 324 272 153 440 266 198 376 18 68 108 124 200 285 316 225 227 473 109 406 110 125 169 387 310 60 138 143 216 274 359 262 54 94 449 291 353 476 434 403 154 101 56 211 166 302 241 10 22 447 263 429 78 405 304 131 419 268 15 43 187 230 348 201 442 157 486 458 203 112 366 23 349 128 6 322 484 431 355 255 205 12 51 245 481 212 121 474 171 25 297 368 55 337 95 36 315 471 312 319 418 480 289 402 265 24 74 197 107 464 333 384 267 334 132 228 34 416 103 328 251 181 404 91 375 89 233 239 117 133 104 29 113 455 460 100 247 482 246 493 16 427 390 342 84 167 48 320 62 412 80 37 256 158 5 420 61 210 363 414 38 20 424 362 432 147 134 63 459 338 145 309 446 472 242 77 388 252 463 33 303 196 1 32 257 140 293 186 47 397 53 411 393 156 152 35 193 394 470 180 122 269 150 209 450 435 240 308 164 494 317 430 383 389 31 377 26 326 374
Case #26: Yes
101 75 270 116 167 341 163 5 327 381 62 455 7 261 189 32 322 232 20 244 164 420 157 26 499 496 318 6 463 205 490 42 340 27 23 403 237 25 113 57 30 233 17 437 174 46 470 228 307 310 150 67 16 483 238 48 54 384 256 118 109 34 45 371 125 64 80 173 201 484 10 188 77 439 399 354 29 55 123 83 11 395 219 177 431 14 136 344 203 287 172 473 165 377 154 126 198 428 417 15 259 218 84 12 158 49 365 102 248 262 343 192 88 79 208 74 93 156 18 461 471 89 181 197 447 3 134 152 132 13 9 145 28 144 124 319 404 326 487 493 182 257 91 92 249 236 247 474 147 430 149 492 465 433 31 445 272 39 268 191 279 292 103 456 309 346 8 306 258 367 60 112 166 235 266 286 22 333 477 444 370 159 99 469 276 53 41 385 464 478 213 110 90 372 489 68 43 345 58 155 285 352 98 334 214 302 170 19 378 70 436 468 72 323 114 355 459 4 421 85 76 162 389 250 283 440 140 467 231 176 73 210 94 65 186 396 462 234 260 153 280 429 104 472 227 51 418 185 36 288 71 206 115 100 63 336 229 242 161 392 37 133 40 175 328 21 38 24 1 434 96 119 141 282 69 383 303 44 33 335 135 398 87 291 351 146 47 416 78 277 342 59 202 66 82 265 405 2 269 95
Case #27: Yes
208 466 475 17 286 224 333 399 485 233 76 74 1 318 40 204 137 3 75 219 319 4 78 335 378 65 353 232 497 461 283 277 340 2 220 278 55 5 18 341 368 6 398
Case #28: Yes
9 316 104 37 164 315 343 134 310 8 193 140 257 64 495 171 26 484 357 256 440 480 119 225 370 125 416 390 110 113 336 325 76 170 319 158 385 412 258 478 57 90 348 63 456 469 233 126 369 500 75 53 323 120 267 442 144 331 362 220 308 200 403 437 328 396 305 320 243 287 449 276 290 41 254 29 351 318 249 212 109 327 174 21 493 468 365 205 270 131 191 19 445 260 496 5 393 226 122 207 284 466 425 195 58 407 306 101 354 51 311 398 221 470 28 223 476 353 454 455 463 34 118 298 133 10 347 208 244 42 194 417 265 487 189 314 152 98 472 333 102 382 424 297 55 292 23 477 423 273 422 72 180 20 36 268 146 94 181 420 67 177 397 446 230 399 247 366 209 386 373 213 204 31 444 324 132 117 436 217 229 418 342 219 296 303 251 87 378 123 99 56 24 52 300 108 430 161 428 486 286 242 372 313 105 13 44 494 421 39 201 335 299 380 192 234 150 127 439 62 81 96 474 160 406 344 413 33 371 188 74 78 206 283 246 210 321 48 237 352 43 471 240 450 7 411 394 84 322 215 88 384 252 274 45 282 339 143 309 401 408 103 479 135 294 497 295 176 211 115 409 68 165 452 85 438 65 278 183 30 151 329 71 250 69 15 261 97 426 59 238 361 340 368 235 17 116 185 498 107
Case #29: Yes
271 72 178 157 5 65 291 8 16 306 13 31 125 191 96 169 234 40 94 228 202 272 7 42 58 45 47 287 134 102 82 273 95 203 34 241 247 141 254 307 12 237 64 23 51 87 175 166 107 92 138 53 294 253 173 300 256 116 231 246 146 67 140 252 159 74 121 267 2 248 20 62 207 76 148 50 171 3 264 78 9 49 84 236 193 6 21 80 71 304 41 199 229 145 197 90 126 33 18 135 130 186 268 11 286 105 59 240 109 122 133 293 127 269 110 101 143 151 155 281 35 250 115 153 22 218 1 310 161 282 86 163 213 124 147 144 68 100 167 98 179 238 299 211 156 210 214 200 245 308 208 195 188 60 28 170 139 89 201 183 123 118 219 152 196 85 215 111 220 222 128 129 83 292 235 259 187 260 97 91 224 81 136 106 88 265 284 209 198 162 274 226 184 303 242 158 223 79 69 270 205 164 194 44 288 212 43 189 217 261 305 230 275 27 131 233 258 75 137 277 10 113 204 114 278 117 103 174 14 165 192 180 251 176 172 17 227 255 37 24 56 108 182 25 4 280 285 149 52 177 26 38 190 99 73 77 32 19 225 112 181 39 48 119 243 132 249 150 279 54 289 29 244 30 257 142 168 276 66 120 55 36 290 57 154 160 309 104 221 46 239 232 262 206 15 93 70 61 63 216
Case #30: Yes
374 42 405 392 464 489 24 452 273 492 3 36 7 236 14 307 271 246 8 259 444 93 314 21 445 96 451 82 139 104 420 123 299 118 221 387 95 366 300 335 112 49 383 41 261 320 79 177 156 496 108 312 206 17 418 170 2 413 111 290 274 482 155 30 13 31 226 230 270 422 260 52 430 386 393 1 38 174 171 195 97 477 378 483 327 197 337 249 98 391 267 196 245 63 497 435 434 5 352 54 184 138 130 448 190 166 244 315 168 369 163 317 439 358 423 396 9 215 279 427 476 27 428 19 440 189 395 484 133 425 491 198 277 351 81 25 450 390 458 280 284 18 109 214 302 467 91 262 127 253 218 191 20 137 338 4 310 157 117 210 364 461 340 116 204 334 162 377 67 144 192 248 10 200 224 209 252 381 316 389 385 223 178 142 39 148 15 296 59 110 22 490 169 361 77 344 365 382 47 373 71 250 414 182 122 449 309 48 394 208 165 498 154 240 235 26 313 83 125 485 403 107 459 424 143 294 64 28 324 175 101 62 16 74 141 185 183 319 265 205 481 180 58 40 106 29 6 238 278 388 131 181 419 269 121 32 285 136 412 486 72 318 308 465 342 124 11 68 33 160 147 416 384 126 417 404 295 61 415 159 134 231 433 368 339 437 343 105 436 199 241 367 237 402 37 115 289 219 297 12
Case #31: Yes
134 3 135 461 8 2 429 19 386 186 22 161 480 202 18 232 26 482 484 263 50 6 382 366 347 27 180 4 371 333 420 258 102 485 355 89 166 39 216 350 160 245 298 123 308 282 276 401 163 146 354 292 441 312 41 218 124 264 80 299 136 45 394 266 402 52 337 341 65 176 30 188 56 430 114 86 96 138 60 384 290 458 79 235 32 451 449 481 23 62 335 100 137 67 55 486 93 207 73 38 390 470 148 140 21 307 340 293 328 63 49 321 467 58 428 424 422 119 59 17 411 344 95 151 84 157 393 291 259 35 99 36 183 227 88 150 46 406 179 90 78 154 332 162 436 42 309 412 43 110 407 231 103 416 109 314 242 66 372 194 152 306 97 104 365 322 464 169 270 31 37 178 177 204 7 288 462 54 351 374 345 191 192 83 385 413 117 261 203 421 122 324 265 106 115 131 427 91 92 187 107 61 70 34 72 409 200 29 471 190 44 254 111 492 440 283 76 310 359 28 51 364 132 399 456 325 269 487 87 408 149 240 315 397 447 479 195 74 105 57 112 10 489 113 465 82 156 289 165 5 205 336 327 40 9 164 284 237 277 13 189 98 367 141 446 217 395 437 24 358 120 490 210 12 118 33 182 167 450 16 419 491 226 14 253 211 241 143 48 121 53 145 466 209 68 414 142 348 260 196
Case #32: Yes
1 313 400 425 8 124 223 165 6 335 14 82 310 318 125 361 187 392 421 41 326 416 380 267 77 70 264 321 73 17 259 18 91 367 131 210 329 20 168 330 402 79 387 189 300 85 166 230 364 332 337 355 265 406 22 69 430 258 27 93 222 418 140 167 440 21 2 188 29 34 38 89 11 442 120 214 59 23 365 16 32 3 62 342 333 261 373 24 431 114 7 343 115 304 432 352 311 441 398 42 226 67 397 130 339 317 372 295 196 192 417 199 232 161 328 360 338 235 92 157 160 359 45 283 128 5 47 49 148 10 74 426 55 60 423 63 419 375 15 246 212 346 43 234 260 445 301 96 307 290 177 97 266 278 132 294 438 141 292 112 401 164 391 111 213 56 303 183 247 83 58 286 142 65 345 424 354 147 30 46 64 229 388 394 443 36 19 86 12 420 252 61 386 217 127 389 39 193 71 9 72 298 26 308 4 383 209 203 123 291 363 146 385 211 254 52 253 156 113 353 51 126 190 216 48 263 413 185 427 163 37 243 33 296 50 31 178 257 282 98 103 250 268 66 412 99 133 90 184 279 78 94 109 256 25 75 327 374 144 404 293 68 434 435 446 28 35 312 151 44 53 122 362 344 145 80 299 54 366 102 357 302 384 236 336 379 242 251 13 40 208 437 57 76 227 322 415 447 204
Case #33: Yes
259 61 146 10 1 230 338 482 93 137 6 473 308 11 81 42 311 14 16 434 426 364 18 20 231 12 4 444 324 110 392 242 94 150 17 205 499 30 310 475 493 147 386 217 326 9 176 383 370 432 463 350 267 162 368 283 23 331 130 333 26 144 32 272 70 334 215 27 8 288 50 85 135 304 459 151 87 362 282 458 24 2 479 251 346 34 37 183 452 483 95 106 184 472 341 120 75 76 39 31 109 88 349 239 466 476 111 375 67 117 69 478 405 436 305 102 200 3 249 47 262 378 25 294 492 38 437 98 332 145 62 256 390 214 460 366 371 261 277 33 45 411 44 92 119 180 363 175 474 48 52 152 240 22 327 49 265 412 43 177 353 218 348 480 51 384 319 108 77 84 388 182 41 13 53 211 5 56 127 321 169 422 187 79 167 116 226 225 247 163 46 355 21 281 58 489 143 354 447 271 487 385 266 292 131 443 207 7 64 421 57 194 464 178 325 320 367 477 399 360 82 28 377 206 448 257 208 467 291 209 186 431 470 15 136 420 500 347 128 290 279 129 54 138 427 352 29 199 323 401 393 400 280 35 216 164 456 252 149 455 284 193 19 219 435 210 406 451 255 365 361 268 97 142 65 484 59 297 238 241 121 55 374 309 36 433 132 395 40 103 382 423 63 298 263 60
Case #34: Yes
1 2 3 4 5 6 7 8 9 10 11 12 13 14 15 16 17 18 19 20 21 22 23 24 25 26 27 28 29 30 31 32 33 34 35 36 37 38 39 40 41 42 43 44 45 46 47 48 49 50 51 52 53 54 55 56 57 58 59 60 61 62 63 64 65 66 67 68 69 70 71 72 73 74 75 76 77 78 79 80 81 82 83 84 85 86 87 88 89 90 91 92 93 94 95 96 97 98 99 100 101 102 103 104 105 106 107 108 109 110 111 112 113 114 115 116 117 118 119 120 121 122 123 124 125 126 127 128 129 130 131 132 133 134 135 136 137 138 139 140 141 142 143 144 145 146 147 148 149 150 151 152 153 154 155 156 157 158 159 160 161 162 163 164 165 166 167 168 169 170 171 172 173 174 175 176 177 178 179 180 181 182 183 184 185 186 187 188 189 190 191 192 193 194 195 196 197 198 199 200 201 202 203 204 205 206 207 208 209 210 211 212 213 214 215 216 217 218 219 220 221 222 223 224 225 226 227 228 229 230 231 232 233 234 235 236 237 238 239 240 241 242 243 244 245 246 247 248 249 250 251 252 253 254 255 256 257 258 259 260 261 262 263 264 265 266 267 268 269 270 271 272 273 274 275 276 277 278 279 280 281 282 283 284 285 286 287 288 289 290 291 292 293 294 295 296 297 298 299 300
Case #35: Yes
54 235 295 18 76 1 131 424 84 459 115 324 192 3 322 118 236 285 11 183 20 122 85 51 194 103 405 5 30 323 7 52 79 465 36 95 464 8 483 294 461 189 368 167 347 282 484 263 413 415 376 9 417 277 82 166 4 58 93 348 455 276 102 141 33 57 378 406 116 244 86 187 178 153 367 2 35 443 435 262 23 12 77 113 357 485 375 356 414 10 73 6 13 123 434 170 358 159 423 416 132
Case #36: Yes
283 60 282 59
Case #37: Yes
448 194 40 56 273 440 263 218 477 5 339 156 187 177 456 416 412 182 315 10 50 340 460 437 303 333 466 176 485 33 161 228 189 78 312 478 207 474 221 95 425 142 159 264 77 328 294 106 361 15 127 235 58 85 279 476 354 154 107 114 407 129 413 489 139 90 394 393 23 11 480 343 295 125 414 275 256 415 233 223 367 251 29 341 63 186 373 1 267 458 144 13 445 280 20 364 21 391 308 250 385 130 51 70 257 168 126 404 239 128 74 249 143 69 317 236 93 153 372 39 449 472 360 421 277 214 324 491 25 467 198 313 272 248 27 278 31 463 365 374 121 96 247 258 299 487 19 217 3 112 368 9 209 484 327 100 75 24 441 398 45 259 481 145 101 120 232 41 451 4 424 111 192 253 201 266 400 390 2 200 148 420 79 98 26 227 254 160 281 237 36 137 410 213 241 16 386 181 57 6 422 452 231 206 197 430 319 166 287 298 431 88 496 432 204 60 46 342 7 55 468 17 30 304 54 48 406 191 82 65 52 320 44 18 53 255 216 495 371 43 387 163 64 355 405 429 464 262 35 91 366 14 184 28 428 76 500 185 86 115 473 222 465 318 167 397 246 423 457 322 99 66 307 490 164 62 401 147 261 369 210 282 89 202 270 67 331 37 122 443 286 169 442 497 459 314 12 47 358
Case #38: Yes
7 8 9 10 6 2 3 4 5 12 13 11
Case #39: Yes
59 1 142 208 469 363 4 246 274 443 267 78 264 344 99 7 487 383 257 15 146 18 24 452 253 182 58 29 30 13 63 258 54 412 19 384 28 408 111 42 228 101 117 16 25 424 222 158 428 52 113 23 409 277 371 278 36 486 8 368 39 22 308 364 53 77 488 454 98 326 387 48 223 186 313 38 40 169 148 247 446 492 334 377 122 422 27 394 26 32 31 393 17 423 55 69 464 459 283 458 317 453 318 343 323 72 132 386 80 139 287 332 482 309 83 94 84 328 45 303 484 93 147 288 379 151 128 174 442 241 60 184 352 312 419 471 348 354 353 269 327 243 367 324 112 427 417 103 41 483 89 144 129 382 33 11 104 199 399 2 118 224 218 429 259 413 365 37 88 347 373 285 49 157 3 209 105 66 92 134 242 263 219 130 81 231 304 302 217 493 162 407 20 14 114 68 248 188 227 468 43 108 168 70 279 418 297 388 137 119 447 56 494 90 170 463 298 47 12 397 125 342 172 183 314 163 233 79 252 349 21 333 473 310 164 187 5 44 102 325 296 268 109 57 85 124 369 289 82 106 467 115 97 50 398 123 262 448 273 472 272 441 73 74 133 210 67 372 232 65 126 378 138 319 152 198 284 46 229 143 156 71 34 457 153 116 173 254 127 395 110 414 9 6 462 197 64
Case #40: Yes
475 112 3 27 403 363 255 7 305 407 214 307 55 388 208 72 434 224 116 95 177 373 88 9 472 209 11 73 452 13 400 464 16 323 178 367 197 18 184 87 92 248 139 495 20 28 190 24 90 29 366 211 104 359 46 493 113 21 31 33 257 462 471 89 36 156 155 39 430 15 43 48 274 210 52 193 45 175 96 147 182 174 146 14 317 54 435 58 10 60 62 438 77 22 26 234 499 286 64 278 142 394 300 4 328 349 66 215 5 35 38 217 344 69 42 74 37 41 82 331 131 201 383 370 78 368 80 258 115 23 79 98 93 279 451 121 100 192 138 339 360 295 461 494 2 59 453 17 105 133 44 51 341 107 30 1 348 103 391 343 65 70 109 249 287 32 330 447 277 450 67 492 56 263 262 337 477 108 114 276 466 216 191 117 84 63 476 463 97 417 99 94 369 336 374 118 446 290 148 111 75 261 496 429 302 364 203 436 425 301 183 47 225 170 83 316 123 68 150 81 119 8 120 126 296 235 187 324 181 122 86 106 110 292 256 303 273 393 61 440 465 128 478 50 127 395 101 424 204 371 376 169 171 384 180 375 34 212 390 200 57 399 129 372 124 329 71 91 12 49 426 198 102 40 418 283 130 85 76 315 345 365 386 125 53 285 179 340 6 19 322 342 25 186 291 325
Case #41: Yes
490 397 73 20
Case #42: Yes
420 239 192 293 196 20 121 493 131 325 320 1 367 431 104 398 494 413 66 371 411 2 3 237 98 63 4 281 492 76 236 81 321 354 275 68 179 442 202 421 108 130 75 21 397 292 277 195 355 120
Case #43: Yes
496 77 169 370 41 280 459 372 168 497 419 371 465 64 1 176 262 63 458 396 3 100 230 42 207 2 175 4 395 40 106
Case #44: Yes
288 23 90 380 47 24 53 374 66 220 76 296 159 128 25 52 28 277 266 359 224 103 4 27 345 290 41 70 335 342 384 161 175 32 364 34 229 217 250 36 46 60 200 157 38 21 183 218 158 62 178 306 210 117 253 258 267 385 61 341 148 129 3 240 389 10 19 17 204 330 289 336 197 156 9 22 347 83 92 225 172 149 375 80 256 211 355 232 209 357 268 79 71 59 324 39 136 153 350 37 101 349 67 310 162 222 368 142 263 295 65 356 243 26 1 107 31 57 114 352 68 63 13 8 5 125 74 55 49 323 131 115 326 169 325 198 387 177 104 166 170 348 312 143 236 72 191 56 111 322 29 188 235 135 173 297 50 317 305 48 18 144 298 151 16 307 54 100 84 242 124 390 199 160 7 278 376 228 182 192 45 279 98 274 309 292 251 150 377 227 186 40 174 58 241 344 105 110 332 14 254 207 223 120 294 262 187 382 140 20 320 354 230 291 261 371 189 146 321 361 132 134 260 184 2 141 176 193 234 33 293 64 338 15 44 383 51 180 30 147 77 372 82 168 99 81 316 6 329 215 337 11 315 121 221 386 343 239 179 351 35 205 42 116 287 171 311 308 299 119 273 259 216 379 285 275 86 194 284 319 73 133 89 208 91 313 138 331 12 226 69 118 43 346 286 327
Case #45: Yes
56 143 96 155 305 39 303 330 205 156 179 253 373 438 122 3 486 287 1 204 22 426 231 114 268 108 72 239 236 278 73 467 313 478 316 191 475 277 68 339 282 495 419 61 90 69 310 4 443 331 290 261 336 425 355 24 185 263 206 466 154 498 464 349 6 77 148 130 120 147 461 171 485 314 323 327 453 439 325 436 250 228 271 111 375 26 422 222 45 337 214 218 199 312 391 490 468 10 418 280 385 189 91 109 17 19 333 286 446 242 289 237 140 334 38 27 340 159 322 180 83 116 429 346 97 15 396 29 230 255 300 410 46 84 41 473 262 234 405 471 390 240 132 71 40 459 60 59 238 11 481 411 124 321 49 170 184 441 452 266 50 301 243 30 217 304 16 139 9 465 33 190 351 35 315 119 25 299 105 500 34 488 492 477 309 153 57 235 64 406 383 31 370 476 402 456 5 379 125 393 183 403 103 81 363 371 260 281 320 78 182 74 55 382 460 131 65 424 32 306 494 335 2 392 381 421 141 36 121 431 317 200 272 470 93 8 364 350 458 324 160 216 28 356 82 227 353 115 372 264 265 445 254 20 42 409 487 462 167 455 417 437 348 380 472 496 233 58 215 352 480 427 47 198 248 332 407 326 341 104 178 43 344 117 166 21 435 18 430 94 13 434 270 269 357 223 48 376 386 113
Case #46: Yes
1 153 112 3 354 479 426 5 399 8 422 10 12 14 266 146 80 13 242 369 16 188 18 17 70 427 243 203 197 413 2 131 480 430 355 250 144 404 356 108 20 372 271 423 9 113 130 267 400 252 11 15 217 148 190 216 6 65 331 337 7 134 368 175 176 4 414 403 88 332 109 19 69 21 249 187 336 57 272 145 338
Case #47: Yes
1 2 10 11 12
Case #48: Yes
284 3 308 466 305 134 332 62 175 486 81 171 6 453 8 10 474 258 309 373 13 495 15 18 304 262 375 131 235 20 19 22 26 143 162 286 112 388 28 202 41 293 30 9 32 473 120 60 34 161 154 228 441 429 329 52 487 197 53 1 425 24 357 401 358 454 55 372 96 434 348 37 70 89 255 99 343 316 380 287 14 39 221 57 249 85 389 260 33 283 2 271 138 67 64 337 409 362 49 342 147 482 43 456 306 435 74 196 288 393 76 439 78 231 71 381 419 270 406 25 318 80 4 219 256 119 35 45 51 82 97 12 325 462 95 211 90 16 191 279 470 494 132 457 475 54 113 326 87 7 468 44 233 107 303 469 91 5 333 331 492 164 159 93 317 79 281 50 188 127 322 133 94 465 448 349 121 344 298 374 455 29 414 46 476 101 222 426 291 384 267 496 118 21 444 345 498 193 248 338 404 83 390 173 106 103 66 289 168 263 100 104 77 63 481 410 356 320 110 360 68 385 11 61 155 27 59 88 301 48 490 73 443 210 47 184 428 40 75 183 489 108 459 361 394 264 330 139 144 86 111 92 31 234 461 42 265 282 341 203 245 491 128 266 36 232 145 38 65 209 56 23 227 420 236 391 460 259 430 58 321 363 411 163 69 499 299 102 413 17 471 195 220 208 424 174 244 447 483 280
Case #49: Yes
211 35 1 191 437 324 286 9 23 413 36 471 422 389 246 427 488 278 250 32 153 14 170 26 8 319 214 454 320 297 11 369 133 272 220 132 193 84 43 65 31 2 40 476 17 261 19 156 323 431 370 305 127 402 27 439 430 41 12 33 388 13 124 308 317 37 316 192 269 46 111 423 28 403 51 53 48 384 71 152 55 58 239 15 285 461 225 426 135 151 355 462 157 232 62 300 67 357 387 490 141 481 206 69 480 257 73 120 444 122 98 121 475 142 230 238 231 207 83 3 63 109 315 276 76 80 93 178 95 495 150 66 101 38 138 103 16 82 399 42 458 54 258 446 94 74 29 440 105 60 171 306 118 179 282 18 7 372 432 354 479 376 107 39 81 307 112 496 47 61 85 329 271 89 425 20 184 114 52 373 229 346 10 251 34 483 398 390 186 180 90 30 119 24 22 116 128 314 70 360 72 75 222 266 129 445 489 453 45 134 358 104 115 212 185 64 56 294 130 113 459 424 299 438 139 79 68 96 77 412 240 492 59 493 143 108 5 200 145 100 377 88 25 223 226 99 140 92 391 213 49 44 87 78 146 378 126 275 86 123 102 97 147 280 50 110 106 144 361 4 345 243 452 136 57 154 472 281 148 221 117 202 155 268 330 131
Case #50: Yes
1 3 5 7 10 12 14 16 17 8 18 20 22 25 28 30 32 13 34 36 38 41 43 46 48 50 52 54 56 58 60 62 64 66 68 70 26 73 75 77 33 79 81 83 86 88 90 92 94 97 99 42 101 103 105 107 109 4 111 113 87 115 55 117 119 121 123 29 67 125 127 129 131 133 44 136 138 141 143 146 148 150 152 155 78 157 159 158 161 164 166 168 170 172 102 174 176 23 178 69 180 182 184 186 188 190 192 100 9 124 187 194 39 175 196 198 153 183 200 202 204 45 206 208 95 199 210 15 147 212 215 217 219 51 108 221 223 226 91 185 171 177 27 228 110 230 232 234 236 238 240 84 242 195 244 246 11 231 248 191 250 130 243 224 253 255 257 259 235 261 229 162 263 149 6 265 213 239 251 256 252 267 24 122 227 104 269 128 271 173 273 120 275 209 21 40 245 139 205 156 214 272 277 144 189 181 49 274 279 237 31 89 179 278 154 37 281 283 106 285 59 137 287 247 47 132 197 211 112 258 282 289 264 291 142 218 96 207 284 61 160 126 286 293 63 82 295 297 57 249 118 299 71 80 145 72 151 260 35 233 134 163 116 140 165 296 201 2 169 268 270 241 225 167 98 114 220 290 193 85 222 216 294 292 53 93 254 262 266 203 76 300 288 280 19 74 135 276 65 298
Case #51: Yes
76 8 302 170 441 190 75 198 57 396 369 81 94 381 189 209 399 200 65 71 288 429 67 431 295 99 363 420 85 204 64 407 58 86 182 133 280 144 355 442 245 168 423 276 419 5 96 72 164 183 124 9 370 405 403 358 109 313 12 260 275 192 82 26 422 25 222 33 104 299 445 206 29 262 377 292 111 248 333 387 117 430 259 231 297 418 326 87 211 195 97 148 38 287 342 383 318 327 184 414 283 103 393 224 62 386 356 345 10 136 312 266 140 353 163 394 233 40 55 417 135 362 145 317 324 30 379 293 34 294 271 43 2 256 63 155 194 234 149 59 221 242 54 203 16 398 27 169 274 444 378 402 449 325 230 176 4 180 51 202 450 139 108 23 281 365 375 385 46 352 159 382 270 92 153 392 246 134 212 162 253 18 205 127 305 384 400 128 160 255 279 11 197 207 388 50 14 20 48 223 44 88 129 391 413 171 95 131 376 35 232 156 107 68 349 17 32 282 157 60 123 45 196 98 354 290 215 19 218 229 284 36 199 70 130 7 217 303 344 116 191 240 115 24 1 448 49 335 13 175 249 74 31 220 306 395 272 132 53 437 319 3 323 397 37 39 296 126 408 436 301 125 277 52 152 47 334 447 112 435 316 41 193 346 291 110 21 187 6 348 361 251 239 42 91 228 332 225 263
Case #52: Yes
51 71 1 207 44 174 154 108 417 444 167 390 83 220 331 155 429 374 303 190 361 6 50 129 358 86 396 213 4 322 340 378 441 402 193 285 413 15 32 8 399 9 272 17 376 94 351 308 438 176 203 276 139 29 77 403 3 298 43 341 392 140 398 245 191 295 271 284 354 166 253 231 65 141 161 87 151 45 382 60 430 380 192 287 270 5 391 310 204 258 66 47 411 12 344 118 56 255 320 251 314 230 22 123 329 111 280 36 412 126 370 35 424 423 26 202 164 30 107 368 379 262 296 109 264 334 277 92 46 212 435 168 64 300 307 78 311 101 11 206 91 252 254 27 330 194 405 102 436 132 381 305 189 450 315 349 69 422 23 383 350 267 186 257 153 281 269 395 185 367 229 265 408 283 175 120 222 319 301 28 266 88 106 183 416 200 294 201 288 449 373 299 335 130 97 7 110 214 169 420 13 21 312 124 261 442 128 127 297 431 244 95 404 443 221 63 90
Case #53: Yes
200 2 389 479 21 224 138 383 26 456 328 56 125 70 376 78 4 247 289 143 6 151 288 183 308 31 8 373 96 10 385 30 400 13 16 489 206 22 33 35 465 38 47 345 449 39 351 155 381 139 416 51 58 60 340 370 66 62 52 343 80 192 68 264 173 237 41 72 18 284 484 19 303 374 76 75 156 292 81 458 49 349 167 98 111 212 109 83 196 85 467 95 40 341 427 471 214 477 195 87 42 431 193 457 414 213 89 262 91 494 226 160 234 77 324 229 140 93 102 124 37 104 429 463 346 29 23 48 172 476 137 67 239 106 63 222 182 69 84 260 168 325 114 88 495 7 492 116 382 309 120 25 225 298 43 205 127 220 54 65 45 412 74 293 126 28 50 191 352 27 422 99 36 136 242 100 184 311 1 92 338 279 59 207 238 113 350 339 20 313 491 300 332 388 73 112 450 9 14 390 17 119 147 486 417 79 64 219 146 233 129 204 285 86 101 15 131 459 132 354 175 424 371 115 295 105 118 142 270 230 269 278 406 117 176 82 133 107 24 44 3 472 103 150 122 496 110 152 71 12 128 375 144 244 190 130 451 428 423 161 248 148 466 401 221 94 5 90 108 134 387 32 53 261 46 331 61 369 359 123 372 145 11 464 493 149 201 121 235 327 490 34 405 135 344 478 430 57
Case #54: Yes
2 38 337 254 210 22 344 366 272 431 187 87 267 221 13 361 157 84 258 51 118 495 478 101 273 406 300 245 227 429 372 209 59 391 200 298 232 247 492 138 89 380 378 465 164 174 4 239 242 456 262 50 458 238 70 307 144 166 474 148 266 308 189 358 433 500 234 341 11 54 493 368 179 14 156 329 155 363 411 36 17 294 470 24 400 367 328 136 5 9 128 160 7 241 202 293 145 201 371 477 114 306 74 1 394 303 277 442 490 228 12 86 8 37 383 384 261 451 381 178 265 346 403 133 415 233 56 171 226 219 357 280 318 90 454 97 395 106 204 170 31 35 397 129 58 257 402 365 483 104 340 163 211 498 438 487 353 83 10 6 73 27 208 304 3 309 471 199 393 360 390 382 428 421 379 488 345 147 125 463 270 457 459 297 48 30 108 109 173 310 132 96 324 356 60 416 443 410 134 68 150 268 124 434 418 130 66 278 439 25 49 486 149 316 26 102 112 127 225 447 399 224 113 485 142 28 186 122 473 195 55 305 494 376 255 489 69 153 333 452 107 94 355 21 193 16 98 105 260 123 326 491 161 484 82 251 364 460 302 271 23 222 196 279 137 347 455 192 252 57 436 203 15 408 430 218 92 67 466 385 32 291 350 143 450 496 85 401 20 387 435 362 180 389 288 325 462
Case #55: Yes
169 255 157 190 145 98 355 291 329 317 1 5 67 286 331 9 326 298 12 258 323 220 325 287 386 422 472 442 414 59 17 22 26 297 270 30 102 188 73 376 23 310 114 197 154 238 87 109 353 395 458 144 236 161 473 273 350 160 217 138 71 36 81 6 352 70 184 256 281 275 252 47 475 121 97 105 38 162 221 164 106 254 35 447 196 40 444 133 413 274 50 314 192 51 409 223 11 300 424 306 25 80 259 46 8 147 408 52 328 309 427 183 77 10 61 213 57 13 172 479 397 143 340 33 27 132 39 48 99 264 278 89 74 78 165 430 135 53 7 429 83 283 216 371 62 349 170 222 95 277 299 339 312 253 235 362 266 396 91 20 96 453 348 464 257 385 24 452 271 76 394 440 45 155 364 85 284 324 159 146 441 469 14 182 200 103 41 294 44 462 463 400 375 55 65 31 101 18 54 224 64 21 356 347 335 445 148 212 381 446 107 372 19 42 110 111 402 16 219 230 468 239 341 272 260 365 82 108 332 461 363 166 43 113 336 478 438 171 122 3 229 244 29 49 93 303 313 112 382 423 75 142 443 124 431 389 126 268 94 4 428 69 60 269 2 28 471 63 234 125 459 104 401 141 115 187 116 136 321 139 37 198 84 388 199 342 181 15 246 79 240 315 434
Case #56: Yes
221 132 431 403 89 429 271 20 424 46 145 161 230 498 439 47 262 209 445 457 388 443 1 19 40 255 293 200 4 367 489 82 3 101 202 417 141 328 97 272 438 18 36 9 478 289 379 10 292 301 25 493 377 74 474 462 483 155 356 30 87 396 342 32 397 257 343 416 244 177 442 350 103 364 29 303 268 352 48 2 380 50 60 121 99 360 35 44 277 53 436 150 454 70 55 243 323 482 62 494 208 137 426 100 84 162 386 357 195 130 253 138 201 21 322 366 45 64 37 285 222 66 91 31 13 105 365 280 56 490 389 134 252 249 451 435 57 154 59 446 23 33 318 250 296 124 77 194 267 475 421 78 213 178 278 407 458 61 430 68 72 8 27 73 392 51 92 412 311 372 5 317 193 38 148 207 327 229 83 41 411 373 433 86 236 43 98 153 245 441 248 94 24 385 376 15 175 402 158 26 136 263 477 76 256 325 312 58 85 488 107 109 93 378 49 111 140 169 497 114 346 282 110 170 184 14 290 79 487 172 351 237 384 212 65 16 116 281 473 266 345 167 119 54 291 125 95 75 157 284 242 174 408 81 90 115 63 321 52 6 192 80 11 149 496 173 361 117 69 362 295 113 463 273 71 427 241 112 42 67 7 324 432 185 375 118 393
Case #57: Yes
81 273 221 45 383 158 384 258 220 299 298 159 356 275 274 246 157 202 357 216 262 358 245 46 247 365 201 363 377 80 215 382 143
Case #58: Yes
396 226 176 215 1 355 77 144 436 482 7 222 78 359 4 410 256 357 65 397 369 475 15 12 285 97 19 252 2 297 302 6 206 485 16 471 161 399 30 464 35 268 492 22 374 166 66 71 24 360 239 21 490 337 27 137 32 37 376 244 39 211 43 496 308 401 138 45 5 240 345 193 47 368 72 274 217 131 151 49 25 465 129 36 230 412 55 48 497 327 152 51 56 67 169 263 52 380 42 333 158 267 116 470 289 264 234 312 330 127 28 63 170 79 53 41 192 57 228 9 460 86 88 418 349 90 92 75 221 126 94 429 76 216 476 463 185 265 400 322 187 488 83 203 332 100 135 34 472 74 103 254 101 189 210 348 29 61 329 102 233 58 416 415 105 395 44 411 80 232 107 62 207 109 26 8 23 91 111 437 113 98 421 493 255 84 133 404 331 462 118 430 10 89 219 112 409 320 17 283 119 121 140 40 259 353 354 3 202 290 229 64 68 33 70 245 108 50 303 489 93 106 262 235 398 188 379 18 375 328 441 128 321 286 190 14 46 184 319 59 104 180 123 134 85 54 82 204 260 358 20 336 292 273 142 99 145 165 484 231 247 132 115 141 417 284 253 420 114 143 95 96 352 341 38 120 31 60 487 393 110 73 293 486 87 298 81 246 13 403 122 124 243 11 125 117 442 69
Case #59: Yes
1 2 10 9 20 21
Case #60: Yes
2 3 1 6 4 5
Case #61: Yes
82 425 2 374 22 32 336 395 268 342 141 414 6 409 246 321 17 41 217 11 430 3 186 49 9 58 153 56 309 173 458 203 46 260 429 10 469 93 311 62 205 23 310 12 418 189 36 251 337 471 218 443 170 51 341 164 99 115 274 25 303 161 361 91 100 26 187 157 282 362 281 21 243 460 210 363 369 447 43 172 90 166 335 472 14 64 348 396 286 323 116 54 197 439 74 283 376 55 61 67 118 285 250 5 463 122 289 457 206 7 308 297 69 244 224 229 238 256 338 331 452 176 368 259 71 124 473 370 149 407 456 154 60 438 417 343 1 253 145 50 392 349 411 188 108 221 345 271 80 52 79 416 15 373 214 450 34 167 179 37 193 320 47 8 148 467 84 146 68 168 220 152 413 290 451 400 464 130 329 401 257 162 269 40 358 28 87 352 424 199 94 252 109 192 39 461 248 30 213 415 131 88 403 459 404 364 72 92 86 322 83 328 227 420 57 151 96 177 123 371 48 431 19 85 315 239 280 202 270 63 408 65 314 121 45 42 125 180 20 465 13 356 178 223 120 95 209 59 204 228 29 476 89 477 101 212 33 44 470 359 391 354 137 27 158 18 448 324 432 75 196 296 117 160 302 273 332 70 102 444 275 360 81 24 344 97 77 357 242 245 421 200 163 433 16 66 53
Case #62: Yes
169 209 234 11 69 293 301 102 210 22 243 188 213 89 217 272 173 42 50 29 64 302 9 58 44 21 255 94 71 35 67 276 183 13 149 73 56 115 151 19 79 159 235 10 63 203 193 14 91 107 212 165 131 117 16 224 124 3 38 83 214 128 283 33 78 20 252 194 28 86 46 133 202 239 143 162 273 34 215 23 134 161 104 36 85 17 43 185 260 271 138 120 160 263 180 282 158 150 146 240 141 81 2 166 304 59 90 145 55 170 177 216 99 190 70 270 45 32 26 294 303 305 284 127 25 196 275 126 175 60 74 268 204 18 53 164 24 6 76 219 236 208 132 186 266 206 163 262 230 49 54 244 246 226 192 30 157 140 57 97 264 113 5 147 251 1 182 105 205 237 153 65 241 103 129 248 256 116 247 179 92 178 40 114 112 245 119 265 144 249 93 123 238 207 100 82 195 95 154 225 130 232 298 258 80 156 27 285 61 200 223 278 41 277 218 197 98 201 142 267 96 4 87 250 110 139 12 280 261 106 135 184 198 51 62 176 77 300 88 118 121 75 137 111 181 286 227 155 125 228 288 253 281 31 269 66 7 8 199 242 221 84 187 168 108 15 109 174 39 191 254 279 172 122 72 37 48 290 101 136 152 171 231 68 299 52 222 167 257 211 220 233 189 47 274 289 229 148 287 259
Case #63: Yes
7 2 11 10 16 19 21
Case #64: Yes
1 3 5 7 9 11 13 301 15 17 19 21 23 25 27 29 31 33 35 37 39 41 43 12 10 45 47 49 51 53 55 30 57 59 52 61 63 65 60 67 69 71 73 75 77 79 81 83 85 87 89 91 93 95 97 99 101 103 105 44 107 109 84 14 111 113 6 104 16 115 117 119 302 121 46 123 125 127 129 8 131 133 135 137 118 74 128 139 34 141 90 143 145 147 149 151 138 153 155 98 88 157 159 161 163 165 167 62 169 171 173 130 175 177 179 181 183 166 92 185 187 189 134 170 191 193 195 144 162 197 199 148 172 36 114 124 201 146 203 168 205 207 120 209 211 210 213 215 217 4 156 48 164 202 219 122 136 221 208 223 225 500 72 20 227 229 231 233 24 235 237 239 216 82 241 230 243 206 245 247 249 196 251 234 253 2 255 150 174 126 38 116 246 232 200 78 257 64 259 261 40 248 178 263 262 66 265 258 186 28 267 254 269 76 242 198 271 86 142 273 252 160 220 50 32 68 140 110 266 236 250 275 274 182 276 158 190 277 279 281 212 283 94 154 224 228 285 58 112 260 226 54 218 268 102 222 26 192 100 244 214 287 96 152 264 289 22 176 180 291 184 280 293 80 70 188 106 270 286 238 288 18 56 294 108 272 282 284 204 290 240 42 292 132 295 296 278 194 256
Case #65: Yes
417 114 132 1 273 356 255 5 171 47 259 7 28 126 443 46 163 459 10 32 64 12 15 8 197 63 139 280 31 458 116 17 397 41 370 22 425 453 348 299 24 225 422 26 335 354 83 496 473 54 431 213 495 30 33 402 437 481 265 9 183 35 37 27 43 34 40 438 48 16 241 195 447 173 61 97 49 315 452 65 56 258 460 202 204 383 244 20 67 131 436 88 125 358 19 309 199 151 82 416 21 196 471 110 344 366 287 18 254 69 91 86 71 76 23 360 382 405 231 484 2 84 92 187 42 104 94 328 306 217 424 205 90 376 190 266 75 369 77 96 50 396 148 423 413 234 93 100 85 188 162 283 149 384 102 433 210 224 262 203 144 107 6 60 472 36 212 441 359 112 222 119 74 497 122 11 404 218 14 482 398 352 58 308 121 72 223 99 314 128 70 349 330 109 150 106 123 393 380 133 449 488 179 329 214 476 209 52 62 381 346 140 305 274 130 264 256 59 207 432 198 145 487 353 147 320 44 29 365 232 118 454 38 286 189 282 215 216 120 351 152 486 108 412 184 68 357 318 115 448 281 53 13 146 143 307 117 103 477 178 101 111 206 461 399 343 394 347 105 439 134 51 113 406 261 333 98 124 78 235 66 233 153 4 25 378 136 362 80 137 3 141 79 81 95 361 442 300 138 446
Case #66: Yes
368 333 6 363 308 150 189 154 41 124 198 380 318 9 204 336 291 330 331 286 7 114 221 49 383 28 4 274 89 324 320 197 371 301 273 249 30 12 82 284 78 304 290 387 143 345 332 211 374 128 3 247 268 367 129 35 377 120 42 254 186 156 17 164 265 51 243 108 102 181 63 240 352 52 239 5 65 359 58 168 139 225 64 86 11 59 75 190 246 206 13 297 337 23 343 226 218 200 25 32 57 179 269 104 165 335 341 300 117 36 375 148 222 298 178 31 232 38 382 167 145 223 227 224 353 113 235 138 385 314 313 296 216 81 44 33 381 311 340 378 74 96 342 259 109 149 251 234 229 24 133 351 55 135 34 360 66 215 312 350 39 287 177 16 88 159 54 275 191 317 244 50 56 91 280 252 111 245 71 323 126 105 20 292 347 60 256 127 299 326 276 90 19 365 257 101 373 258 329 29 305 92 22 67 141 69 366 15 8 207 121 182 97 132 118 1 369 281 370 95 130 152 205 372 361 334 125 384 40 386 46 183 233 14 79 123 271 316 201 293 112 278 277 344 262 376 217 303 134 188 106 306 339 53 37 146 270 302 68 84 77 228 26 85 241 230 48 180 267 115 160 70 99 2 288 166 250 119 61 248 140 157 255 192 364 175 172 171 83 62 107 261 264 10 73 283 325 93 136 212
Case #67: Yes
1 2 3 4 5 6 7 8 9 10 11 12 13 14 15 16 17 18 19 20 21 22 23 24 25 26 27 28 29 30 31 32 33 34 35 36 37 38 39 40 41 42 43 44 45 46 47 48 49 50 51 52 53 54 55 56 57 58 59 60 61 62 63 64 65 66 67 68 69 70 71 72 73 74 75 76 77 78 79 80 81 82 83 84 85 86 87 88 89 90 91 92 93 94 95 96 97 98 99 100 101 102 103 104 105 106 107 108 109 110 111 112 113 114 115 116 117 118 119 120 121 122 123 124 125 126 127 128 129 130 131 132 133 134 135 136 137 138 139 140 141 142 143 144 145 146 147 148 149 150 151 152 153 154 155 156 157 158 159 160 161 162 163 164 165 166 167 168 169 170 171 172 173 174 175 176 177 178 179 180 181 182 183 184 185 186 187 188 189 190 191 192 193 194 195 196 197 198 199 200 201 202 203 204 205 206 207 208 209 210 211 212 213 214 215 216 217 218 219 220 221 222 223 224 225 226 227 228 229 230 231 232 233 234 235 236 237 238 239 240 241 242 243 244 245 246 247 248 249 250 251 252 253 254 255 256 257 258 259 260 261 262 263 264 265 266 267 268 269 270 271 272 273 274 275 276 277 278 279 280 281 282 283 284 285 286 287 288 289 290 291 292 293 294 295 296 297 298 299
Case #68: Yes
442 187 213 200 285 344 286 39 455 225 121 123 277 448 104 479 399 109 299 6 473 74 12 439 303 150 124 388 263 251 360 300 143 38 86 377 61 8 16 239 337 18 222 400 282 198 20 274 498 317 9 328 297 7 476 245 340 262 278 3 471 77 411 404 254 165 137 386 209 306 52 248 97 320 21 78 189 362 309 235 417 458 423 459 436 367 133 145 183 346 116 62 22 162 48 26 301 298 28 406 188 161 495 336 265 58 499 478 30 347 275 500 319 475 409 93 100 414 23 485 402 59 293 49 447 206 373 368 71 236 32 412 126 34 418 17 329 361 339 253 464 294 43 405 242 125 142 413 45 352 205 307 305 191 29 311 284 201 13 11 378 113 31 461 171 98 35 208 172 44 67 218 267 134 474 210 283 214 237 435 398 444 1 42 14 487 314 65 144 369 316 467 163 115 456 351 107 207 37 424 184 176 380 250 99 425 70 196 356 82 350 79 389 266 141 353 5 33 383 105 158 482 128 281 75 363 94 392 19 166 381 249 325 348 468 370 256 457 110 472 73 95 390 199 338 494 391 446 324 202 46 41 76 481 496 280 55 151 438 374 477 81 279 129 234 10 25 192 140 221 169 486 195 157 410 215 217 27 240 355 87 186 170 15 146 112 226 434 437 108 216 264 401 315 212 480 56 258 24 197
Case #69: Yes
192 159 233 297 88 1 137 240 391 7 11 114 13 364 379 17 357 200 424 353 21 410 15 32 38 130 342 40 229 89 24 422 286 61 382 60 42 287 347 395 205 243 172 33 44 396 46 126 420 48 283 52 387 345 23 43 3 54 273 236 421 56 122 63 65 372 69 155 49 212 160 349 71 59 55 150 109 340 278 151 47 81 255 138 100 238 112 90 282 75 94 77 27 167 9 70 294 285 189 39 414 293 284 83 85 123 174 67 91 371 96 252 86 253 41 292 31 388 222 232 350 279 344 291 318 380 158 121 326 376 317 319 408 101 97 271 244 34 98 35 8 249 385 274 188 331 365 211 393 161 102 383 105 84 30 117 375 225 311 53 128 307 132 111 104 74 134 251 19 209 190 135 78 226 106 139 173 10 141 12 154 419 143 108 80 36 329 116 193 352 20 397 145 191 2 288 171 72 95 64 68 373 390 256 223 254 82 235 144 257 28 356 58 147 148 398 120 156 153 394 206 118 6 176 14 213 423 348 330 296 127 177 22 146 392 355 152 312 133 194 204 389 207 250 359 73 187 79 308 37 5 239 124 363 57 92 76 168 4 107 214 140 248 406 386 162 45 327 51 125 103 208 199 272 115 50 316 99 241 25 26 231 413 129 16 186 18 341 411 215 142 66 93 131 163 157 366 164 29 87
Case #70: Yes
352 229 49 387 324 249 153 182 13 176 405 1 16 341 281 98 344 22 414 128 178 77 215 152 415 382 72 136 255 66 354 120 242 86 323 50 169 222 42 345 26 168 448 289 18 309 3 25 270 326 322 7 217 172 21 411 34 283 297 37 28 69 38 340 376 335 315 332 189 321 254 74 271 141 39 212 149 392 379 11 132 121 330 138 366 296 236 122 173 437 184 44 209 377 108 246 304 421 248 257 78 160 278 433 159 46 227 106 124 32 99 179 327 360 389 45 125 14 290 148 420 388 43 346 403 203 201 305 422 223 51 87 338 82 445 126 191 29 406 361 300 198 53 235 175 431 155 356 137 116 27 391 15 413 107 294 355 135 55 226 63 444 402 336 24 146 211 196 113 398 351 31 36 374 417 435 386 183 259 216 383 262 123 156 17 73 302 353 233 30 301 111 426 384 70 56 54 393 166 75 373 394 314 210 117 52 9 404 5 221 250 62 97 230 76 310 245 23 234 400 334 100 284 280 130 200 142 119 64 380 40 401 8 369 83 188 224 241 60 432 347 272 81 418 90 2 370 67 447 19 399 85 225 329 12 368 129 6 180 287 232 436 10 127 357 20 79 91 47 84 174 244 202 92 277 358 288 385 371 167 261 286 367 114 328 185 147 88 337 331 186 133 381 192 320 425 339 58
Case #71: Yes
409 7 306 101 191 194 245 279 10 355 388 1 208 29 200 253 11 387 176 365 217 13 224 42 27 100 220 339 315 313 357 316 86 179 326 398 119 177 57 416 262 239 403 49 291 30 256 379 112 418 79 61 166 72 134 83 21 41 394 190 213 23 24 170 15 267 19 363 144 246 374 419 162 4 67 95 304 69 12 397 102 354 26 78 3 185 129 292 369 60 92 39 25 362 138 104 323 141 366 33 38 58 146 273 88 63 126 6 299 219 240 96 128 214 382 261 82 406 235 105 66 318 276 168 301 376 80 32 113 171 250 205 302 16 285 284 157 216 420 377 75 167 303 156 137 286 44 411 106 206 62 275 51 351 47 52 281 53 28 115 236 20 209 35 43 97 87 364 143 405 310 305 135 234 9 165 390 259 314 145 252 330 37 298 404 243 309 76 328 226 173 8 14 319 109 349 31 89 149 64 215 153 127 54 118 110 278 91 193 408 424 117 350 201 163 45 94 65 84 264 280 184 294 237 417 68 55 346 40 345 186 249 378 18 212 120 293 296 150 233 383 341 172 312 325 50 412 334 192 34 5 48 161 187 81 180 142 367 98 152 107 370 36 73 340 71 248 22 242 422 247 290 361 238 360 358 402 352 155 423 46 274 311 74 263 174 317 308 204 257 90 410 385 2 266 391
Case #72: Yes
365 257 383 377 2 334 97 293 246 206 32 391 70 196 250 401 113 436 211 66 288 463 35 381 397 262 77 303 490 333 405 119 464 60 99 282 433 111 472 478 86 480 423 469 266 84 44 421 263 76 186 17 110 430 175 479 178 290 417 154 443 323 434 256 318 87 171 450 455 83 404 265 219 105 373 418 356 74 378 419 215 190 153 294 357 4 224 387 271 414 214 248 395 164 6 79 92 191 492 287 346 52 281 197 189 174 118 374 415 115 402 325 12 268 313 272 316 227 221 57 460 106 366 7 354 407 53 355 458 413 416 368 47 142 360 376 37 36 385 112 408 394 420 23 116 69 208 487 454 225 379 390 370 331 128 136 457 149 424 205 398 159 367 337 283 462 33 93 9 182 467 322 82 192 343 49 486 389 280 328 216 90 342 218 279 231 359 94 388 358 489 371 16 59 426 422 48 295 141 300 132 352 5 95 220 242 477 317 476 315 232 311 439 46 440 114 494 20 148 42 143 425 437 273 213 104 75 497 309 350 64 446 58 473 129 193 96 396 329 156 147 8 14 289 255 3 21 384 488 399 491 432 259 135 203 260 131 274 296 481 445 80 61 163 456 410 475 62 38 172 411 278 1 429 188 441 144 243 362 258 314 78 326 496 319 89 43 19 338 13 207 103 173 241 444 249 140 179 226 187
Case #73: Yes
1 4 7 10 13 16 19 22 25 28 31 34 37 40 43 46 49 52 55 58 61 64 67 70 14 73 76 79 82 85 56 88 91 44 94 97 100 103 104 41 83 106 109 112 115 15 118 121 124 127 77 130 133 101 136 139 142 145 148 151 154 157 160 163 68 166 137 116 169 35 105 172 175 29 140 17 178 78 30 181 184 187 190 193 196 170 45 107 199 176 128 202 53 205 119 92 62 208 211 214 217 220 5 188 80 223 226 50 23 229 65 20 232 197 235 32 24 21 233 108 238 209 189 138 36 241 81 182 244 247 250 177 253 122 256 248 198 164 11 59 218 38 125 113 259 262 265 268 95 71 257 134 146 47 271 123 89 141 63 224 155 194 6 195 274 114 200 60 277 210 245 219 98 66 26 275 48 143 167 110 280 236 206 276 283 242 27 102 254 263 161 281 272 117 120 203 173 42 221 264 239 90 243 158 204 222 185 286 149 260 152 201 18 237 111 144 225 261 156 240 266 251 230 96 227 289 215 231 292 269 212 131 99 171 183 295 270 51 159 162 278 168 33 246 213 293 191 252 179 150 296 153 249 93 39 298 287 12 284 228 129 147 135 258 299 267 290 282 291 186 72 8 165 86 84 74 207 297 288 192 255 2 273 57 234 279 300 216 180 54 126 9 174 285 75 294 132 3 69 87
Case #74: Yes
74 360 343 226 236 6 355 130 133 141 148 35 190 13 24 341 52 78 86 76 58 126 358 234 282 131 18 255 127 7 332 344 134 168 84 301 249 170 309 82 262 288 196 175 353 322 270 359 50 280 363 228 68 209 155 151 208 279 369 197 17 334 338 153 4 227 321 229 112 63 62 94 107 56 75 32 298 20 251 205 246 354 345 211 184 244 367 212 117 277 119 124 260 210 241 144 41 33 290 169 292 90 352 149 172 199 250 316 98 225 263 11 116 286 268 159 44 100 147 99 73 3 207 178 40 23 331 278 265 202 198 109 19 59 326 138 362 154 203 158 26 53 69 142 347 291 2 46 271 231 348 329 132 300 165 307 213 287 102 110 15 281 85 181 125 232 219 325 81 96 65 95 220 264 103 30 114 31 21 276 233 143 49 315 333 10 266 39 323 104 285 176 188 305 92 177 340 28 284 365 29 166 372 186 171 1 259 115 221 139 163 160 257 120 162 135 274 93 324 38 215 311 248 337 129 294 189 60 200 71 91 351 182 45 34 146 267 14 320 304 179 239 48 295 72 310 79 57 8 223 61 152 254 27 336 204 242 37 273 366 25 43 312 194 187 89 128 308 150 293 87 230 339 342 55 335 121 224 137 51 5 289 12 299 247 136 261 77 243 66 108 174 216 373 111
Case #75: Yes
1 238 29 7 16 151 307 219 336 381 38 27 198 4 43 14 229 413 34 26 106 409 125 272 252 107 365 205 79 188 2 163 418 232 264 36 20 211 98 130 339 40 8 298 46 187 101 48 297 380 124 42 424 428 56 304 404 57 231 318 266 184 66 281 415 92 44 99 214 251 77 234 280 45 273 164 68 71 23 22 292 154 356 58 316 199 86 221 148 150 64 247 377 408 422 12 191 312 322 210 326 200 373 294 62 119 70 197 375 194 335 347 52 183 165 51 69 293 49 108 61 267 85 305 11 55 74 145 82 439 434 433 367 285 118 444 371 114 397 334 96 146 54 286 30 31 60 203 314 95 265 53 133 438 89 269 446 442 147 132 171 3 39 378 13 366 28 352 93 379 364 384 416 230 410 295 386 59 6 35 102 109 392 215 83 159 15 426 374 333 390 311 168 372 10 193 325 220 90 376 120 158 340 152 346 405 315 419 202 105 354 240 429 76 296 387 166 67 50 78 391 113 332 110 91 255 423 357 142 233 94 401 385 189 441 9 75 63 279 192 370 321 246 299 24 33 268 100 103 65 241 175 126 278 355 72 47 353 313 337 195 359 5 141 80 153 87 81 149 237 436 177 196 97 73 302 32 331 320 172 330 131 317 18 239 329 37 88 167 256 19 358 25 169 207 303 319 84 363
Case #76: Yes
460 481 233 322 325 472 6 26 27 7 489 217 154 46 459 98 8 15 409 109 500 317 456 315 374 238 193 265 155 19 464 338 10 394 160 370 280 20 218 22 222 208 396 122 232 326 79 213 9 479 245 312 21 28 259 438 112 36 366 14 30 386 32 272 128 242 37 41 44 275 143 278 307 305 48 292 466 189 175 334 50 54 58 445 379 35 53 60 38 45 239 388 410 269 435 165 436 66 417 450 61 267 482 252 150 96 393 68 5 47 80 101 129 430 291 486 313 4 70 404 29 55 51 369 31 257 429 49 399 76 474 169 244 426 81 99 371 83 266 111 427 59 88 121 42 52 214 62 448 159 392 372 380 97 137 335 416 90 418 478 24 72 25 82 74 256 176 357 253 206 64 17 387 444 480 356 391 67 151 295 437 454 33 130 231 78 184 499 273 276 433 401 323 13 73 92 441 103 434 336 77 210 56 395 241 319 443 384 123 194 136 142 94 188 318 453 2 168 195 447 183 419 279 400 458 105 173 199 408 402 246 297 11 483 87 308 192 18 170 367 93 304 373 102 138 114 131 91 12 270 106 440 389 260 406 368 385 471 339 205 86 75 449 473 467 23 465 89 1 201 107 172 405 40 69 84 108 223 43 277 65 63 95 57 71 104 446
Case #77: Yes
498 499 500 501 502
Case #78: Yes
103 191 384 288 311 8 272 10 364 19 69 195 360 428 276 83 238 165 483 250 398 443 13 116 437 28 349 343 271 17 471 21 188 323 310 38 117 86 92 96 478 80 31 409 445 22 104 7 122 351 33 263 258 314 449 424 334 337 289 179 369 42 411 361 241 87 217 486 82 291 112 95 438 365 450 335 47 220 176 251 257 71 286 51 72 32 267 253 200 281 434 12 477 353 393 20 58 468 182 14 342 27 25 280 43 49 140 433 264 41 154 500 56 53 402 460 149 62 488 155 156 66 370 115 329 52 461 432 282 39 64 496 307 26 463 24 81 180 132 93 259 185 261 277 451 34 150 79 127 171 375 417 63 178 202 489 338 317 61 30 118 322 54 44 431 474 137 467 158 164 309 237 256 354 197 207 239 233 97 177 308 480 240 50 423 208 187 181 55 390 186 6 462 385 473 102 1 109 73 426 397 347 18 35 36 98 312 76 190 295 464 266 94 302 301 359 48 5 77 16 196 57 70 444 2 119 265 201 46 108 120 23 40 294 11 84 105 91 89 340 74 466 418 442 278 218 151 374 75 262 78 316 234 229 346 283 148 111 341 67 107 3 254 371 65 328 121 138 386 29 350 228 336 416 99 37 472 440 166 141 172 126 167 290 469 441 125 15 401 419 221 285 9 60 85 59 425
Case #79: Yes
48 307 416 458 461 133 62 277 282 122 365 356 398 111 150 496 381 47 147 112 226 261 40 1 9 4 33 393 353 118 155 392 216 342 12 15 271 408 19 399 384 472 304 410 498 222 134 10 139 21 26 172 28 104 253 418 20 30 478 78 49 269 50 431 336 341 401 427 321 450 420 311 37 144 44 453 97 323 41 165 115 84 179 17 92 61 242 452 35 354 45 459 75 432 13 383 51 454 290 114 54 102 170 29 56 291 2 397 46 435 58 236 414 428 331 64 318 66 68 71 400 305 214 456 60 67 446 287 249 27 76 330 357 306 366 351 81 471 262 486 241 87 89 34 415 178 167 430 272 94 409 460 358 99 359 16 423 88 107 105 360 488 25 109 184 108 14 339 80 100 6 146 120 53 350 447 113 125 263 23 455 235 38 451 31 3 90 11 131 227 82 463 270 483 119 464 126 209 42 375 424 69 127 77 121 86 135 283 295 57 52 164 59 116 482 98 72 355 276 7 252 301 288 110 332 266 248 419 312 391 326 294 168 106 8 137 18 171 338 327 324 24 361 70 325 39 267 74 210 63 470 231 436 124 376 439 185 36 145 223 141 154 65 343 136 462 382 140 149 55 85 310 264 5 303 142 138 128 101 95 32 151 22 152 202 130 237 437 232 278 228 480 309 234 334 96 390 73 201 93
Case #80: Yes
151 69 2 4 259 169 201 6 271 127 120 227 163 360 456 221 88 157 346 97 18 217 10 147 20 12 33 83 255 248 403 485 14 60 370 21 366 426 397 113 68 47 22 70 112 487 249 96 133 411 25 317 27 78 461 11 30 197 35 326 398 219 262 386 337 71 260 8 58 41 104 43 52 331 106 206 415 358 145 350 429 252 224 388 189 3 451 312 51 436 193 16 395 492 156 77 62 483 242 73 44 449 225 251 108 467 45 170 444 469 220 422 17 109 289 379 280 428 284 139 49 55 105 48 234 479 192 56 294 250 125 267 223 23 146 384 378 138 464 92 66 155 128 75 199 31 226 181 307 372 282 167 491 131 427 439 387 164 435 407 216 273 57 140 34 321 61 100 1 188 268 393 392 46 39 437 270 475 63 357 137 373 283 79 367 134 374 330 191 119 336 36 349 28 423 102 98 313 470 361 89 290 275 149 174 476 123 152 382 85 207 184 369 412 54 416 195 129 87 406 472 179 401 462 93 37 40 341 90 166 383 292 5 285 430 258 24 347 246 344 446 408 94 76 296 266 362 7 121 130 177 342 274 59 29 473 306 459 82 316 64 15 333 42 74 150 72 50 458 53 455 394 375 38 343 243 215 256 245 9 180 80 265 13 371 122 238 154 198 84 208 332 247 26 441 480 402 200
Case #81: Yes
273 104 267 112 461 404 259 148 264 313 25 18 285 191 496 222 414 167 192 277 415 106 315 1 182 186 405 88 236 178 45 430 275 328 114 390 262 274 5 309 177 384 24 195 439 373 7 36 441 434 156 126 453 89 260 140 181 193 124 271 171 426 307 9 219 427 11 16 6 362 157 20 282 100 17 194 29 269 52 339 429 468 184 409 483 87 442 144 348 369 70 209 478 33 68 163 129 123 375 454 499 250 47 4 452 119 154 98 74 254 326 210 162 83 353 494 283 402 491 212 216 10 347 93 102 420 363 150 446 225 111 360 319 284 490 208 340 176 455 386 435 43 168 304 69 142 397 172 92 240 311 433 159 344 48 12 324 165 301 249 410 53 39 54 15 361 183 198 218 449 458 479 58 335 371 141 26 65 13 263 412 459 333 90 71 61 305 8 217 175 105 72 422 332 251 161 164 30 130 34 190 51 35 387 295 28 46 37 252 370 359 492 85 196 3 101 14 484 59 214 322 63 76 2 270 408 220 460 49 136 21 470 31 81 308 497 153 493 316 489 41 223 120 342 224 296 135 44 200 213 243 82 237 187 170 158 239 22 32 395 77 385 318 300 188 75 424 248 440 125 57 67 411 62 464 389 266 56 55 312 374 19 480 42 253 189 403 241 60 447 221 169 463 38 286 211 425 401 354 334
Case #82: Yes
213 432 169 1 8 375 434 111 69 499 94 309 138 458 325 249 475 98 250 123 329 312 120 302 357 363 125 347 233 421 188 34 328 134 245 24 437 29 447 97 311 258 226 411 355 500 219 3 202 14 146 456 453 175 107 176 483 452 353 380 307 490 187 17 480 292 476 264 283 12 18 108 379 143 485 63 121 86 62 21 209 19 83 368 178 308 77 100 5 285 193 413 408 26 31 382 28 441 180 405 293 465 354 239 370 59 272 116 2 371 348 173 261 237 477 210 220 451 81 225 487 99 112 117 406 102 486 433 216 495 410 38 275 4 13 388 496 381 222 326 313 214 366 420 42 217 263 48 57 91 473 449 41 9 284 342 137 191 60 197 212 43 88 271 179 460 265 229 79 154 303 463 383 492 288 122 392 71 372 68 47 378 11 318 343 481 273 365 223 419 36 150 227 221 424 158 339 489 33 153 218 442 87 44 45 414 282 30 340 395 152 37 27 6 174 183 142 484 185 70 15 211 105 159 132 141 7 184 46 362 22 23 76 198 472 373 319 493 168 128 162 425 384 10 58 20 39 186 32 72 124 387 450 101 93 106 262 459 436 385 157 67 49 89 205 133 243 294 438 401 260 255 367 324 104 234 259 461 377 423 201 50 254 189 25 145 464 276 253 402 478 457 494 482 16 337 51 109 310 161
Case #83: Yes
6 229 8 12 27 163 287 71 113 133 341 206 340 249 239 129 385 3 33 41 30 11 182 104 9 192 214 89 266 176 43 157 264 115 58 130 102 257 139 315 37 243 202 286 47 362 233 46 300 49 155 281 161 256 57 228 199 119 50 180 15 55 152 244 62 265 331 124 64 66 400 347 205 195 68 26 7 393 339 125 61 247 73 87 291 289 140 218 330 255 77 24 132 356 29 25 1 80 191 82 171 299 391 196 118 319 209 84 398 343 338 79 200 19 86 48 93 63 159 271 396 388 83 90 222 181 59 85 293 95 4 23 223 149 74 402 283 217 131 97 65 96 204 10 105 236 107 109 278 211 112 114 270 250 366 232 410 412 392 40 168 296 134 136 141 263 158 123 276 143 373 310 183 284 111 146 2 42 154 292 285 290 194 135 36 164 316 81 365 279 280 151 312 166 342 106 92 297 91 145 336 160 53 16 253 70 210 314 116 405 44 34 170 363 45 167 172 403 317 165 175 142 127 207 346 213 18 390 147 350 98 349 275 313 282 32 238 13 76 399 110 121 372 78 51 56 237 94 246 100 75 54 120 69 20 144 148 108 179 169 52 177 367 368 150 302 411 67 337 185 21 387 407 31 395 38 254 137 320 406 28 5 394 303 122 231 408 203 357 311 234 252 103 386 162 72 208
Case #84: Yes
456 53 168 217 197 390 36 1 273 115 392 117 288 308 2 332 379 483 496 351 130 400 178 248 375 295 87 444 411 233 122 133 68 286 12 394 69 192 297 224 95 294 210 82 7 167 190 108 124 270 149 97 70 221 58 9 141 80 230 271 365 445 152 59 368 486 162 327 261 13 341 447 423 401 17 33 114 18 283 100 366 47 199 255 156 207 22 442 15 500 324 20 389 31 23 28 146 499 27 49 330 321 182 209 450 386 158 172 371 355 487 410 147 278 123 307 441 260 90 319 424 373 67 169 488 37 432 103 138 39 256 474 24 431 391 48 305 461 125 104 166 175 200 358 249 446 81 193 73 140 204 328 309 335 383 161 484 214 56 380 77 348 96 364 112 336 385 30 458 237 340 107 40 257 14 42 289 137 352 435 354 55 148 128 479 189 495 485 218 427 79 325 38 191 369 25 322 41 78 229 21 350 211 3 54 451 326 482 472 170 258 346 306 134 242 186 94 436 497 471 302 426 92 225 452 334 303 16 235 11 254 118 126 76 241 357 212 422 113 109 331 453 150 5 203 8 251 74 57 10 201 388 234 151 183 208 45 4 43 6 377 395 285 174 99 378 398 34 131 184 157 433 382 238 298 387 86 244 478 250 477 443 145 119 475 337 253 323 284 339 139 220 460 279 223 281 173 19 144 374
Case #85: Yes
208 42 206 262 46 300 75 235 56 111 142 79 358 97 327 301 346 203 106 114 355 138 239 170 309 115 256 202 388 156 143 258 227 196 110 190 24 108 291 274 118 178 350 371 64 11 120 154 147 1 343 36 161 352 332 122 394 176 68 250 259 192 20 99 229 8 35 7 5 182 95 299 317 207 359 107 6 94 22 364 49 318 280 130 267 243 139 400 144 330 197 135 252 2 162 88 91 331 199 245 278 266 215 29 67 128 62 123 222 319 313 12 186 209 55 347 340 363 159 23 276 328 387 70 210 228 265 311 216 103 255 294 240 10 167 396 180 44 270 149 50 179 290 271 51 374 82 45 102 175 59 198 285 126 4 40 275 195 356 152 9 74 284 18 76 293 15 71 217 298 80 310 344 174 109 131 389 226 246 87 283 3 28 370 148 247 314 322 223 26 63 339 260 398 360 72 218 395 242 308 365 201 54 89 324 303 306 191 184 194 269 124 104 129 348 295 302 66 230 133 286 326 84 376 92 166 244 354 172 150 30 98 134 287 140 292 155 96 119 221 366 171 372 381 307 383 368 315 34 391 214 367 39 127 13 238 254 211 151 236 188 43 160 163 279 113 27 282 264 338 187 323 375 386 251 183 231 90 378 390 345 61 47 31 168 263 380 78 382 14 379 60 219 158 83 399 237 351 19 38
Case #86: Yes
221 48 265 494 122 257 314 380 94 66 306 191 1 488 3 45 9 475 325 413 381 329 8 190 271 10 204 240 374 391 16 223 182 18 263 338 303 25 17 21 27 97 31 358 248 411 491 19 2 236 103 34 305 183 277 226 432 300 396 232 38 87 339 326 241 95 385 247 312 471 220 420 184 334 40 333 244 492 483 437 295 166 26 140 42 139 403 328 167 150 478 215 254 46 228 383 468 49 53 227 65 187 55 406 160 289 379 393 395 123 245 84 266 107 56 35 230 214 29 373 225 394 37 59 337 431 470 331 61 430 307 54 361 24 283 286 178 36 11 253 489 357 402 93 294 127 57 382 285 134 143 235 366 41 91 142 69 284 63 362 302 44 407 290 463 162 70 72 427 429 6 5 275 60 4 125 163 73 58 377 392 120 231 469 159 355 13 33 459 89 500 476 256 260 51 301 121 164 71 222 43 133 74 458 186 259 384 272 15 76 438 308 98 462 440 447 169 425 68 212 22 179 365 282 448 359 297 28 151 419 30 78 246 486 50 135 408 410 180 208 446 109 367 88 485 203 356 281 375 449 335 412 498 20 280 39 477 262 79 229 173 174 64 330 124 85 80 433 77 52 181 62 154 128 161 372 155 75 482 441 158 496 83 152 219 105 23 495 67 47 493 81 168 32 86 126 340
Case #87: Yes
24 410 239 378 491 13 235 429 108 10 142 444 6 192 416 407 22 206 31 14 70 477 423 419 392 19 316 28 286 397 148 8 346 406 136 450 412 176 267 60 417 134 17 479 25 29 147 73 171 80 84 175 475 184 295 257 4 247 307 500 205 18 328 36 325 54 285 449 389 89 237 5 55 157 288 38 240 39 41 425 218 214 61 431 95 373 243 245 43 281 215 160 207 225 434 49 177 330 313 383 372 50 79 474 56 182 69 338 461 155 193 347 376 251 385 411 102 303 138 58 329 57 489 96 149 321 11 216 62 490 292 173 437 377 121 105 153 37 246 178 33 436 197 221 339 364 202 395 164 9 144 129 454 222 194 181 180 151 463 272 470 315 15 291 131 337 64 66 103 374 104 348 455 365 165 135 242 185 21 77 469 394 65 280 40 90 130 85 74 150 48 351 266 341 143 26 201 212 384 265 125 435 327 223 32 499 399 183 126 99 271 252 368 379 369 63 462 200 35 116 133 420 428 317 154 326 42 67 484 75 232 382 318 46 128 388 217 304 139 30 400 12 98 156 457 71 305 137 478 20 94 353 354 294 350 219 421 413 342 424 443 340 16 51 456 83 44 391 430 396 186 110 483 23 195 117 163 349 467 426 480 127 59 320 2 140 196 72 254 468 213 174 269 27 203 52 76 306 241 170
Case #88: Yes
91 386 93 388 202 1 208 139 111 38 2 387 110 92 140 24 36 35 214 23
Case #89: Yes
433 51 73 215 413 102 5 302 338 197 9 13 20 268 134 145 70 432 372 24 257 108 26 45 357 431 186 319 28 33 38 164 242 303 27 285 153 87 42 312 292 52 400 241 270 391 395 170 160 112 21 171 57 218 59 356 442 35 425 61 47 309 63 180 77 40 71 36 79 12 428 436 44 334 360 196 117 122 83 18 23 19 314 405 85 439 250 123 159 60 388 162 396 46 418 384 50 279 342 208 261 92 332 95 333 154 419 271 185 93 98 99 304 440 114 306 109 366 349 221 118 104 126 136 81 137 15 78 447 441 100 107 72 307 158 48 258 350 315 119 236 82 130 97 88 124 138 193 172 69 68 364 140 91 412 399 446 146 203 39 4 84 260 220 31 294 240 49 426 337 251 127 248 368 6 64 125 392 347 94 343 414 142 328 165 120 133 445 173 367 371 235 295 116 147 192 74 14 291 135 66 230 11 16 234 247 34 331 438 379 267 305 352 110 361 90 348 353 121 323 101 25 149 76 58 404 310 113 387 151 131 217 380 237 80 143 383 308 67 43 246 155 161 17 229 311 96 3 182 209 150 37 53 128 420 89 29 166 132 152 363 55 62 148 378 167 341 444 115 41 320 216 181 105 103 8 141 284 10 32 293 278 163 1 322 75 86 329 156 365 139 56 330 344 7 22 430 204
Case #90: Yes
68 231 2 8 316 13 97 248 17 98 20 197 313 39 22 372 249 201 252 26 292 28 89 30 5 294 32 235 34 359 403 24 382 261 60 64 126 393 36 107 336 305 87 47 257 40 344 71 210 293 241 232 45 329 250 49 140 132 43 83 50 42 54 379 124 327 182 196 130 25 179 383 100 15 56 373 6 81 52 357 62 267 314 194 380 236 131 345 253 354 262 85 3 217 386 298 66 277 77 330 245 57 401 93 94 297 280 356 79 101 11 35 311 103 203 133 394 116 121 102 367 321 224 109 38 370 335 214 337 120 70 112 19 361 246 114 118 90 7 326 142 385 136 222 41 128 134 145 155 104 147 353 122 108 301 44 4 302 295 276 390 149 157 195 315 75 137 92 153 200 123 398 141 402 216 171 127 146 159 308 251 21 73 82 58 269 138 371 161 164 46 91 162 312 113 404 143 166 76 209 135 187 48 61 10 63 150 117 230 366 211 176 400 223 105 51 160 259 14 74 168 360 115 55 170 237 99 281 309 53 163 16 80 9 338 84 95 165 67 119 152 268 242 23 37 213 296 346 129 184 151 1 186 190 180 125 304 86 78 12 65 343 256 110 18 33 322 106 229 172 144 158 29 111 391 177 59 365 69 167 31 260 173 202 169 191 72 364 148 384 156 27
Case #91: Yes
1 2 7 6 8
Case #92: Yes
51 1 188 129 53 31 187 67 89 15 214 90 17 181 8 92 178 62 39 184 88 204 22 140 126 199 52 118 25 49 127 218 30 108 57 14 7 206 20 84 170 50 160 68 207 102 106 185 33 130 161 34 179 21 93 71 200 74 2 203 38 54 142 123 211 213 169 83
Case #93: Yes
478 407 178 271 168 480 4 330 90 96 141 499 19 88 45 150 462 449 56 44 411 9 365 302 12 417 179 198 351 490 400 412 99 426 48 270 360 34 327 20 376 296 25 315 8 249 83 337 236 309 27 460 24 46 342 353 399 259 28 362 145 1 47 38 189 143 26 324 89 282 453 226 356 372 42 328 394 112 32 382 142 386 297 119 23 484 121 255 305 133 495 184 427 120 391 238 93 392 66 307 228 113 193 341 414 14 10 204 493 373 281 158 153 344 425 322 295 447 288 126 18 357 475 349 6 159 264 212 378 338 459 206 37 293 43 292 359 419 273 49 424 354 383 258 39 77 81 76 479 65 30 95 285 195 367 191 21 408 199 497 71 180 161 237 416 53 377 369 260 58 395 163 15 2 494 347 52 94 124 156 242 92 5 319 486 439 352 17 256 420 86 217 436 104 275 101 132 485 3 55 413 154 60 325 140 333 149 361 224 406 98 225 487 239 320 61 151 194 464 63 432 491 230 402 197 7 371 188 35 336 54 127 496 458 326 148 474 31 401 387 51 11 291 303 102 123 314 248 227 350 233 448 82 231 40 78 213 183 218 157 384 304 214 41 430 461 64 13 489 100 345 323 243 234 339 454 405 366 219 431 59 67 267 144 286 492 398 70 313 22 50 375 160 346 247 57 16 196 62 298
Case #94: Yes
1 2 3 4 5
Case #95: Yes
422 125 264 30 73 31 393 12 318 421 4 15 356 175 361 444 398 21 25 96 242 379 486 399 383 36 388 104 5 228 336 29 100 199 365 227 276 296 232 92 217 240 17 294 165 127 320 352 239 382 429 56 48 355 259 75 367 249 84 103 38 219 470 22 487 41 366 76 182 19 448 122 43 359 220 163 475 425 10 118 24 49 329 81 241 150 436 45 35 16 258 172 113 6 51 126 197 55 27 363 60 67 20 71 28 132 395 449 384 128 7 200 135 117 77 215 82 462 116 79 57 174 312 93 291 488 224 136 333 260 283 44 335 124 311 414 309 349 285 225 154 46 53 52 434 321 252 167 95 233 279 435 188 284 88 391 416 68 85 374 354 97 463 13 149 326 481 313 269 430 86 173 301 155 263 176 334 177 485 305 70 148 8 274 32 14 315 438 297 42 453 115 348 196 394 451 210 495 221 373 137 483 139 423 327 105 83 330 351 358 408 66 480 409 471 268 72 307 59 308 138 445 476 317 387 236 183 9 181 62 101 147 133 319 78 156 39 235 2 467 63 65 189 216 328 246 494 286 245 250 295 397 265 278 106 331 428 107 256 54 292 164 484 80 109 108 169 33 380 119 110 40 37 26 198 468 23 185 396 195 11 375 209 90 98 58 50 91 120 353 111 61 386 300 89 34 18
Case #96: Yes
2 75 62 3 41 55 339 185 183 268 4 199 77 271 136 69 225 1 10 30 215 56 350 131 25 258 281 205 187 32 13 165 276 181 115 42 53 57 107 158 6 316 133 287 284 20 44 197 224 48 26 18 275 218 326 50 188 182 317 162 200 22 35 337 63 66 38 79 138 82 84 127 237 64 91 233 99 228 61 60 101 89 37 291 103 145 109 105 111 117 88 164 288 259 12 90 119 110 174 286 193 278 234 178 58 98 17 121 43 124 208 128 45 100 229 272 303 116 244 11 120 129 141 102 209 143 151 134 245 168 5 190 46 321 153 96 170 261 80 14 167 33 269 198 85 132 122 309 65 192 186 264 81 144 34 112 21 172 97 71 249 149 201 302 114 203 335 68 227 214 210 238 242 169 148 27 212 220 123 47 139 39 180 150 222 211 113 204 195 236 325 191 334 327 86 290 106 154 202 173 304 76 184 207 266 83 231 36 67 257 29 142 19 241 308 267 159 239 95 300 232 175 219 40 135 146 246 156 320 328 93 282 157 230 126 251 265 247 340 292 59 16 279 338 189 140 213 87 7 72 177 94 160 336 223 137 166 108 260 252 9 299 31 24 155 250 74 152 28 147 125 171 78 73 163 341 23 221 52 235 51 301 349 118 49 92 179 343 333 104 15 243 8 130 196 216 70 324 248 285
Case #97: Yes
4 1 2 3 5
Case #98: Yes
42 62 231 472 115 425 487 82 217 180 94 167 395 284 192 3 140 389 24 333 49 227 445 152 145 72 35 122 278 252 250 257 359 326 317 12 186 462 160 420 430 371 409 80 299 210 360 381 283 52 25 460 319 74 17 312 133 287 291 271 350 440 483 201 87 265 138 56 418 325 91 339 98 411 84 193 108 391 103 47 338 68 131 194 376 496 5 416 259 377 182 237 367 427 154 432 101 301 36 423 208 32 458 468 28 187 378 107 273 480 168 335 102 53 264 347 224 470 188 340 214 10 280 334 161 266 383 355 297 238 488 245 37 397 41 357 14 442 220 213 229 139 471 43 390 497 73 173 171 96 255 222 455 248 413 132 31 290 66 63 117 236 329 276 486 150 446 48 369 479 202 6 169 126 473 241 294 119 396 356 469 272 441 172 206 431 19 453 444 181 124 159 109 89 242 203 38 2 61 144 21 451 361 495 346 7 385 143 70 4 318 311 315
Case #99: Yes
19 234 48 312 308 275 329 335 2 357 265 276 419 334 50 310 175 356 336 491 325 12 4 6 196 244 300 339 484 54 248 350 23 178 243 32 278 47 415 183 156 311 162 33 220 194 296 424 44 411 101 418 215 10 237 223 479 70 467 245 338 14 36 473 71 416 145 39 361 66 112 64 279 189 442 238 251 363 13 139 74 476 174 324 288 218 116 448 214 284 382 207 20 179 494 199 35 254 277 242 60 319 155 21 401 320 426 261 25 38 326 7 368 372 201 16 142 386 432 127 289 330 30 118 138 351 94 123 385 219 264 117 132 303 187 360 1 226 208 283 136 26 51 213 192 362 8 216 9 63 392 76 95 322 315 17 364 24 180 143 28 173 407 421 472 478 403 318 379 232 164 393 344 333 113 466 69 371 425 266 45 200 159 93 281 72 495 376 272 480 299 128 291 323 172 177 440 193 15 231 168 96 11 198 170 240 40 490 331 451 133 295 27 406 161 271 224 348 55 453 321 22 31 5 239 437 365 18 205 317 434 41 298 367 487 100 256 202 67 42 171 273 255 285 341 131 489 420 375 29 169 3 191 43 447 485 57 374 439 430 186 56 309 391 52 260 457 314 327 481 204 345 182 121 227 429 438 294 400 280 377 355 197 158 369 230 185 137 119 340 233 414 471 247 290 452
Case #100: Yes
340 367 405 446 106 109 222 300 256 238 96 43 257 276 444 339 34 134 443 469 45 80 387 204 168 46 81 223 237 158 454 133 205 468 447 103 362 8 236 275 295
Case #101: Yes
138 40 174 192 196 105 136 247 143 177 80 134 212 183 184 119 205 292 216 263 120 66 28 168 259 296 280 3 131 9 110 124 82 86 17 126 25 73 117 253 224 7 1 100 141 228 89 47 33 59 276 83 178 249 99 130 270 244 116 57 158 92 109 67 273 94 230 16 58 64 170 76 269 37 21 287 133 41 43 201 52 198 236 156 151 219 300 38 121 88 255 125 44 227 194 293 297 150 245 176 91 257 254 207 161 106 144 208 240 31 39 172 281 65 162 87 189 8 166 70 98 209 165 202 246 193 225 112 233 277 159 93 239 128 260 118 264 54 135 210 294 271 11 152 142 171 272 20 232 113 15 111 148 179 46 234 129 180 140 231 248 241 96 181 30 175 223 45 283 221 262 56 2 284 29 123 35 103 13 153 69 10 204 160 115 104 169 139 218 72 251 290 132 77 299 279 48 19 190 34 252 267 23 186 237 167 97 14 75 42 145 286 187 157 149 285 274 242 114 55 50 278 200 4 282 226 90 49 95 243 238 275 61 188 185 81 84 22 211 122 164 182 127 68 102 173 24 298 71 155 195 154 79 53 191 199 6 101 258 197 18 32 265 229 62 12 250 235 256 213 295 74 289 146 60 147 222 214 220 203 5 215 36 26 27 291 108 206 163 85 63 107 266 78 217 137 51 301 261 288
Case #102: Yes
2 7 186 286 21 15 276 24 270 180 275 288 473 26 480 414 191 299 458 250 128 404 28 10 265 318 30 252 22 243 50 259 32 8 397 386 35 25 126 88 401 37 46 169 38 435 495 336 467 39 9 166 41 451 221 73 68 385 143 302 43 47 67 301 149 52 3 413 325 406 213 411 334 90 55 66 381 396 34 279 29 219 298 44 231 5 402 440 33 328 57 59 428 340 297 93 101 112 314 317 117 353 53 229 61 237 48 230 481 63 410 393 280 438 429 251 357 19 27 71 54 144 258 346 74 150 162 380 175 118 316 352 205 291 132 56 273 456 123 313 225 424 173 212 244 62 131 201 376 472 281 496 64 262 76 17 80 81 358 82 253 271 425 95 339 416 460 60 294 36 248 238 455 127 161 189 77 300 305 498 439 203 242 405 163 448 6 97 335 108 119 172 96 99 139 282 324 399 14 363 104 109 364 20 42 103 267 91 211 85 449 303 351 347 394 31 113 433 40 72 247 266 277 70 462 83 171 378 185 220 287 105 226 4 195 461 106 228 129 382 107 326 206 178 468 327 58 403 415 49 499 111 122 98 333 110 86 489 488 447 134 94 295 100 51 434 436 65 165 75 217 138 164 207 133 12 79 114 306 176 45 78 452 398 192 89 23 148 16 457 365 151 18 202 261
Case #103: Yes
1 377 176 179 486 282 14 104 329 3 396 284 32 57 461 366 2 315 211 297 199 472 309 77 7 82 357 349 414 283 439 440 225 395 16 247 18 228 20 125 208 426 334 389 241 135 378 287 17 457 328 302 25 39 43 55 327 45 487 473 425 48 301 50 36 129 106 53 59 133 110 172 427 207 65 30 382 267 41 70 194 88 352 49 10 406 12 73 325 175 19 67 381 408 229 75 456 109 448 46 210 63 94 134 398 186 79 169 58 105 373 361 412 375 26 84 436 304 61 355 353 107 365 342 424 130 140 118 4 90 431 23 68 423 310 451 374 430 127 358 188 113 399 206 479 193 95 215 97 146 410 450 139 37 205 311 257 405 60 76 429 98 99 101 168 87 119 444 240 91 295 422 6 216 38 29 483 62 111 115 369 165 363 384 71 159 272 92 320 8 233 72 126 195 120 122 21 312 232 437 390 9 80 128 100 224 93 264 265 15 51 22 198 56 160 485 286 322 347 316 145 299 5 314 262 356 64 438 47 478 191 96 471 40 83 166 136 28 85 411 114 116 137 317 42 246 274 275 256 333 44 141 112 74 449 143 148 273 244 78 476 368 305 346 89 407 121 54 345 34 415 147 52 258 178 66 117 131 171 123 149 24 413 326 409 341 27 243 443 296 261 102 293 187 271 142 245 463 11 144
Case #104: Yes
80 305 357 264 1 18 307 5 332 254 301 86 426 23 471 253 411 285 88 59 90 10 133 189 12 243 14 120 109 54 24 40 321 389 269 373 396 3 27 298 331 29 282 338 340 217 377 222 169 32 34 36 7 44 322 366 162 8 46 68 48 413 350 214 51 258 81 43 119 37 161 57 9 108 134 204 28 339 390 431 95 136 35 61 397 63 367 65 364 155 42 240 20 394 237 71 93 73 75 96 180 128 2 77 374 84 333 41 55 110 74 91 164 405 461 98 329 382 238 25 100 466 250 172 283 72 213 102 393 349 239 265 455 368 11 47 165 21 323 157 104 341 353 13 79 457 53 111 308 122 114 50 278 252 82 145 183 135 178 117 123 241 22 144 118 395 125 465 487 177 447 45 372 173 197 227 115 97 404 112 113 446 435 170 70 302 151 62 203 153 263 326 129 154 464 76 228 126 138 184 85 116 251 344 140 325 190 66 337 286 146 383 304 245 139 6 488 201 483 52 361 58 462 17 319 152 127 83 266 38 143 156 103 105 277 296 179 30 94 376 406 64 363 259 16 132 191 472 342 130 60 106 220 99 260 456 56 121 362 375 49 141 358 352 403 246 137 482 196 185 256 124 4 31 343 33 15 67 101 26 69 78 39 268 200 218 257 434 148 89 107 92 147 19 149
Case #105: Yes
7 8 9 10 6 2 3 4 5 11 12 1
