Case #1: No
Case #2: Yes
1 2 500 3 4
Case #3: No
Case #4: Yes
244 394 44 344 126 68 204 393 1 245 3 395 205 69 167 2 83 36 355 243 365 4 18 343
Case #5: No
Case #6: Yes
1 2 3
Case #7: No
Case #8: No
Case #9: Yes
2 3 1 6 4 5
Case #10: Yes
1 2 3 4 5 6 7 8 9 10 11 12 13 14 15 16 17 18 19 20 21 22 23 24 25 26 27 28 29 30 31 32 33 34 35 36 37 38 39 40 41 42 43 44 45 46 47 48 49 50 51 52 53 54 55 56 57 58 59 60 61 62 63 64 65 66 67 68 69 70 71 72 73 74 75 76 77 78 79 80 81 82 83 84 85 86 87 88 89 90 91 92 93 94 95 96 97 98 99 100 101 102 103 104 105 106 107 108 109 110 111 112 113 114 115 116 117 118 119 120 121 122 123 124 125 126 127 128 129 130 131 132 133 134 135 136 137 138 139 140 141 142 143 144 145 146 147 148 149 150 151 152 153 154 155 156 157 158 159 160 161 162 163 164 165 166 167 168 169 170 171 172 173 174 175 176 177 178 179 180 181 182 183 184 185 186 187 188 189 190 191 192 193 194 195 196 197 198 199 200 201 202 203 204 205 206 207 208 209 210 211 212 213 214 215 216 217 218 219 220 221 222 223 224 225 226 227 228 229 230 231 232 233 234 235 236 237 238 239 240 241 242 243 244 245 246 247 248 249 250 251 252 253 254 255 256 257 258 259 260 261 262 263 264 265 266 267 268 269 270 271 272 273 274 275 276 277 278 279 280 281 282 283 284 285 286 287 288 289 290 291 292 293 294 295 296 297 298 299 300
Case #11: No
Case #12: No
Case #13: No
Case #14: No
Case #15: Yes
2 1 3 4 5
Case #16: No
Case #17: Yes
1 2 10 11 20 21
Case #18: No
Case #19: No
Case #20: Yes
255 254
Case #21: No
Case #22: No
Case #23: No
Case #24: No
Case #25: Yes
356 292 386 42 261 3 286 360 260 425 155 90 477 341 86 111 417 76 347 456 295 165 85 118 354 75 253 296 14 323 2 311 234 174 8 479 466 218 345 500 284 5 264 327 428 175 28 276 65 202 294 73 206 57 381 146 465 358 13 52 129 81 179 279 469 290 398 126 58 142 497 396 270 115 314 280 395 287 222 127 324 272 153 440 266 198 376 18 68 108 124 200 285 316 225 227 473 109 406 110 125 169 387 310 60 138 143 216 274 359 262 54 94 449 291 353 476 434 401 154 101 56 211 166 302 241 10 22 447 263 429 78 405 304 131 419 268 9 43 187 230 348 201 442 157 486 458 203 112 366 12 349 128 6 322 484 431 355 255 205 7 51 245 481 212 121 474 171 16 297 368 55 337 95 19 315 471 312 319 418 480 289 402 265 15 74 197 107 464 333 384 267 334 132 226 34 416 103 328 251 178 404 91 375 89 233 239 117 133 104 29 113 455 460 100 247 482 244 493 11 427 390 342 84 167 48 320 62 412 80 21 256 158 4 420 61 210 363 414 36 20 424 362 432 147 134 63 457 338 145 309 446 472 242 77 388 252 463 33 303 196 1 32 257 140 293 186 47 397 53 411 393 156 152 35 193 394 470 180 122 269 150 209 450 435 240 308 164 494 317 430 383 389 31 377 17 326 374
Case #26: No
Case #27: Yes
208 466 475 17 286 224 333 399 485 233 76 74 1 318 40 204 137 3 75 219 319 4 78 335 378 65 353 232 497 461 283 277 340 2 218 278 55 5 18 339 368 6 398
Case #28: Yes
9 316 104 37 164 315 343 134 310 8 193 140 257 64 495 171 26 484 357 256 440 480 119 225 370 125 416 390 110 113 336 325 76 170 319 158 385 412 258 478 57 90 348 63 456 469 233 126 369 500 75 53 323 120 267 442 144 331 362 220 308 200 403 437 328 396 305 320 243 287 449 276 290 41 254 29 351 318 249 212 109 327 174 21 493 468 365 205 270 131 191 19 445 260 496 5 393 226 122 207 284 466 425 195 58 407 306 101 354 51 311 398 221 470 28 223 476 353 454 455 463 34 118 298 133 10 347 208 244 42 194 417 265 487 189 314 152 98 472 333 102 382 424 297 55 292 23 477 423 273 422 72 180 20 36 268 146 94 181 420 67 177 397 446 230 399 247 366 209 386 373 213 204 31 444 324 132 117 436 217 229 418 342 219 296 303 251 87 378 123 99 56 24 52 300 108 430 161 428 486 286 242 372 313 105 13 44 494 421 39 201 335 299 380 192 234 150 127 439 62 81 96 474 160 406 344 413 33 371 188 74 78 206 283 246 210 321 48 237 352 43 471 240 450 7 411 394 84 322 215 88 384 252 274 45 282 339 143 309 401 408 103 479 135 294 497 295 176 211 115 409 68 165 452 85 438 65 278 183 30 151 329 71 250 69 15 261 97 426 59 238 361 340 368 235 17 116 185 498 107
Case #29: No
Case #30: No
Case #31: No
Case #32: No
Case #33: No
Case #34: Yes
1 2 3 4 5 6 7 8 9 10 11 12 13 14 15 16 17 18 19 20 21 22 23 24 25 26 27 28 29 30 31 32 33 34 35 36 37 38 39 40 41 42 43 44 45 46 47 48 49 50 51 52 53 54 55 56 57 58 59 60 61 62 63 64 65 66 67 68 69 70 71 72 73 74 75 76 77 78 79 80 81 82 83 84 85 86 87 88 89 90 91 92 93 94 95 96 97 98 99 100 101 102 103 104 105 106 107 108 109 110 111 112 113 114 115 116 117 118 119 120 121 122 123 124 125 126 127 128 129 130 131 132 133 134 135 136 137 138 139 140 141 142 143 144 145 146 147 148 149 150 151 152 153 154 155 156 157 158 159 160 161 162 163 164 165 166 167 168 169 170 171 172 173 174 175 176 177 178 179 180 181 182 183 184 185 186 187 188 189 190 191 192 193 194 195 196 197 198 199 200 201 202 203 204 205 206 207 208 209 210 211 212 213 214 215 216 217 218 219 220 221 222 223 224 225 226 227 228 229 230 231 232 233 234 235 236 237 238 239 240 241 242 243 244 245 246 247 248 249 250 251 252 253 254 255 256 257 258 259 260 261 262 263 264 265 266 267 268 269 270 271 272 273 274 275 276 277 278 279 280 281 282 283 284 285 286 287 288 289 290 291 292 293 294 295 296 297 298 299 300
Case #35: Yes
54 235 295 18 76 1 131 424 84 459 115 324 192 3 322 118 234 285 11 183 20 122 85 51 194 103 405 5 30 321 7 50 79 465 36 95 464 8 483 294 461 189 368 165 347 282 484 263 413 412 374 9 417 277 82 166 4 58 93 348 455 276 102 141 33 57 378 406 116 244 86 187 178 153 367 2 35 443 433 262 23 12 77 113 357 482 375 356 414 10 73 6 13 123 434 170 355 159 423 416 130
Case #36: Yes
283 60 282 59
Case #37: No
Case #38: No
Case #39: No
Case #40: No
Case #41: Yes
490 397 73 20
Case #42: Yes
420 239 192 293 196 20 121 493 131 325 320 1 367 431 104 398 494 413 66 371 411 2 3 235 98 63 4 281 492 76 236 81 319 354 275 68 179 442 202 421 108 130 75 21 397 292 277 195 355 120
Case #43: Yes
496 77 169 370 41 280 457 369 168 497 419 371 465 62 1 176 262 63 458 394 3 100 230 42 207 2 175 4 395 40 106
Case #44: No
Case #45: No
Case #46: Yes
1 153 112 3 354 479 426 19 399 5 422 7 9 11 266 146 80 10 242 367 13 186 15 14 70 425 243 203 197 413 2 129 480 430 355 248 144 404 353 108 17 372 271 423 6 113 130 267 400 252 8 12 217 148 190 216 20 65 331 337 21 134 368 175 176 4 414 403 88 332 109 16 69 18 249 187 336 57 272 145 335
Case #47: Yes
1 2 10 11 12
Case #48: No
Case #49: No
Case #50: Yes
1 3 5 253 7 9 11 13 14 254 15 17 256 259 19 21 23 10 25 27 262 29 265 31 33 35 37 39 41 43 45 47 49 51 53 268 260 55 57 59 24 61 63 271 65 67 69 71 274 73 75 30 77 79 81 83 85 4 87 89 66 91 40 93 95 97 99 20 52 101 103 105 107 277 266 109 280 111 283 113 115 117 286 119 60 121 123 122 289 125 127 129 131 133 78 135 137 257 139 54 141 143 145 147 149 151 153 76 255 100 148 155 263 136 157 159 287 144 161 163 165 267 167 169 275 160 171 12 114 292 173 175 177 36 84 179 295 181 70 146 132 138 261 183 86 185 187 189 191 193 195 272 197 156 199 201 8 186 203 152 298 106 198 296 205 207 209 211 190 213 184 290 215 116 6 217 293 194 299 208 300 219 258 98 182 80 221 104 223 134 225 96 227 170 18 264 200 281 166 120 294 224 229 284 150 142 34 226 231 192 22 68 140 230 288 28 233 235 82 237 44 110 239 202 32 108 158 172 88 210 234 241 216 243 112 176 276 168 236 46 124 102 238 245 48 64 247 249 42 204 94 251 269 62 285 270 118 212 26 188 278 291 92 282 126 248 162 2 130 220 222 196 297 128 74 90 178 242 154 273 180 174 246 244 38 72 206 214 218 164 58 252 240 232 16 56 279 228 50 250
Case #51: No
Case #52: Yes
51 71 1 207 44 174 154 108 417 444 167 390 83 220 331 155 429 374 303 190 361 2 50 129 358 86 396 213 4 322 340 378 441 402 193 285 413 15 32 8 399 9 272 17 376 94 351 308 438 173 203 276 139 29 77 403 3 298 43 339 392 138 398 245 191 295 271 284 354 166 253 231 65 141 161 87 151 45 382 60 430 380 192 287 270 5 391 310 204 258 66 47 411 12 344 118 56 255 320 251 314 230 22 123 329 111 280 36 412 126 370 35 424 423 26 202 164 30 107 368 379 262 296 109 264 334 277 92 46 212 435 168 64 300 307 78 311 101 11 206 91 252 254 27 330 194 405 102 434 132 381 305 189 450 315 349 69 422 23 383 350 267 186 257 153 281 269 395 185 367 229 265 408 283 175 120 222 319 301 28 266 88 106 183 416 200 294 201 288 449 373 299 335 130 97 6 110 214 169 420 13 21 309 124 261 442 128 127 297 431 244 95 404 443 219 63 90
Case #53: No
Case #54: No
Case #55: No
Case #56: No
Case #57: Yes
81 273 221 45 383 158 384 258 220 299 298 159 356 272 274 246 157 202 357 216 262 355 245 46 244 365 201 363 377 80 215 382 143
Case #58: No
Case #59: Yes
1 2 10 9 20 21
Case #60: Yes
2 3 1 6 4 5
Case #61: No
Case #62: No
Case #63: Yes
7 2 9 10 16 19 21
Case #64: Yes
1 3 5 7 9 11 13 301 15 17 19 21 23 25 27 29 31 33 35 37 39 41 43 12 10 45 47 49 51 53 55 30 57 59 52 61 63 65 60 67 69 71 73 75 77 79 81 83 85 87 89 91 93 95 97 99 101 103 105 44 107 109 84 14 111 113 6 104 16 115 117 119 302 121 46 123 125 127 129 8 131 133 135 137 118 74 128 139 34 141 90 143 145 147 149 151 138 153 155 98 88 157 159 161 163 165 167 62 169 171 173 130 175 177 179 181 183 166 92 185 187 189 134 170 191 193 195 144 162 197 199 148 172 36 114 124 201 146 203 168 205 207 120 209 211 210 213 215 217 4 156 48 164 202 219 122 136 221 208 223 225 500 72 20 227 229 231 233 24 235 237 239 216 82 241 230 243 206 245 247 249 196 251 234 253 2 255 150 174 126 38 116 246 232 200 78 257 64 259 261 40 248 178 263 262 66 265 258 186 28 267 254 269 76 242 198 271 86 142 273 252 160 220 50 32 68 140 110 266 236 250 275 274 182 276 158 190 277 279 281 212 283 94 154 224 228 285 58 112 260 226 54 218 268 102 222 26 192 100 244 214 287 96 152 264 289 22 176 180 291 184 280 293 80 70 188 106 270 286 238 288 18 56 294 108 272 282 284 204 290 240 42 292 132 295 296 278 194 256
Case #65: No
Case #66: No
Case #67: Yes
1 2 3 4 5 6 7 8 9 10 11 12 13 14 15 16 17 18 19 20 21 22 23 24 25 26 27 28 29 30 31 32 33 34 35 36 37 38 39 40 41 42 43 44 45 46 47 48 49 50 51 52 53 54 55 56 57 58 59 60 61 62 63 64 65 66 67 68 69 70 71 72 73 74 75 76 77 78 79 80 81 82 83 84 85 86 87 88 89 90 91 92 93 94 95 96 97 98 99 100 101 102 103 104 105 106 107 108 109 110 111 112 113 114 115 116 117 118 119 120 121 122 123 124 125 126 127 128 129 130 131 132 133 134 135 136 137 138 139 140 141 142 143 144 145 146 147 148 149 150 151 152 153 154 155 156 157 158 159 160 161 162 163 164 165 166 167 168 169 170 171 172 173 174 175 176 177 178 179 180 181 182 183 184 185 186 187 188 189 190 191 192 193 194 195 196 197 198 199 200 201 202 203 204 205 206 207 208 209 210 211 212 213 214 215 216 217 218 219 220 221 222 223 224 225 226 227 228 229 230 231 232 233 234 235 236 237 238 239 240 241 242 243 244 245 246 247 248 249 250 251 252 253 254 255 256 257 258 259 260 261 262 263 264 265 266 267 268 269 270 271 272 273 274 275 276 277 278 279 280 281 282 283 284 285 286 287 288 289 290 291 292 293 294 295 296 297 298 299
Case #68: No
Case #69: No
Case #70: No
Case #71: No
Case #72: No
Case #73: Yes
1 4 7 10 13 16 19 22 25 28 31 34 37 40 43 46 49 52 55 58 61 64 67 70 14 73 76 79 82 85 56 88 91 44 94 97 100 103 104 41 83 106 109 112 115 15 118 121 124 127 77 130 133 101 136 139 142 145 148 151 154 157 160 163 68 166 137 116 169 35 105 172 175 29 140 17 178 78 30 181 184 187 190 193 196 170 45 107 199 176 128 202 53 205 119 92 62 208 211 214 217 220 5 188 80 223 226 50 23 229 65 20 232 197 235 32 24 21 233 108 238 209 189 138 36 241 81 182 244 247 250 177 253 122 256 248 198 164 11 59 218 38 125 113 259 262 265 268 95 71 257 134 146 47 271 123 89 141 63 224 155 194 6 195 274 114 200 60 277 210 245 219 98 66 26 275 48 143 167 110 280 236 206 276 283 242 27 102 254 263 161 281 272 117 120 203 173 42 221 264 239 90 243 158 204 222 185 286 149 260 152 201 18 237 111 144 225 261 156 240 266 251 230 96 227 289 215 231 292 269 212 131 99 171 183 295 270 51 159 162 278 168 33 246 213 293 191 252 179 150 296 153 249 93 39 298 287 12 284 228 129 147 135 258 299 267 290 282 291 186 72 8 165 86 84 74 207 297 288 192 255 2 273 57 234 279 300 216 180 54 126 9 174 285 75 294 132 3 69 87
Case #74: No
Case #75: No
Case #76: No
Case #77: Yes
498 499 500 501 502
Case #78: No
Case #79: No
Case #80: No
Case #81: No
Case #82: No
Case #83: No
Case #84: No
Case #85: No
Case #86: No
Case #87: No
Case #88: Yes
91 386 90 385 202 1 208 139 111 38 2 387 110 92 140 24 34 35 214 23
Case #89: No
Case #90: No
Case #91: Yes
1 2 7 6 8
Case #92: Yes
51 1 188 129 53 31 187 67 89 15 214 90 17 181 8 92 178 62 39 184 88 204 22 140 126 199 52 118 25 49 127 218 30 108 57 14 7 206 20 84 170 50 160 68 207 102 106 185 33 130 161 34 179 21 93 71 200 74 2 203 38 54 142 123 211 213 169 83
Case #93: No
Case #94: Yes
1 2 3 4 5
Case #95: No
Case #96: No
Case #97: Yes
4 1 2 3 5
Case #98: No
Case #99: No
Case #100: Yes
340 367 405 446 106 109 222 300 256 238 96 43 257 276 444 339 34 134 443 469 45 80 387 204 168 46 81 223 237 158 454 133 205 468 445 103 362 8 236 275 295
Case #101: No
Case #102: No
Case #103: No
Case #104: No
Case #105: No
